 -0.415950637182549E-002 -0.131296533230740E-002  0.140514657919737E-001 -0.175848435531938E-001  0.525695784914406E-003  0.550830144991177E+001
  0.102402257405625E-001  0.637029765070363E-002 -0.347026520105020E-002  0.646178785765805E-002  0.199240358259236E-003  0.552462422124453E+001
 -0.889023995818905E-002 -0.247015251665408E-001  0.180066851960037E-003 -0.187963946547577E-001  0.104253858815601E-002  0.548245930974969E+001
  0.112437289644480E-001  0.293056754730792E-002 -0.791321587541982E-002  0.219968091849161E-001  0.681488266983907E-003  0.550051182580830E+001
 -0.120876151229652E-001 -0.632438888760567E-002  0.225173972205763E-001  0.722657895151801E-003  0.693663746185251E-003  0.549990305184823E+001
  0.591747172405865E-002 -0.193996071963937E-001  0.164942461958706E-002  0.206355476425923E-001  0.839907659064801E-003  0.549259085620425E+001
 -0.192362145571061E-001 -0.178018659044679E-001  0.632674009239942E-004  0.152634838291585E-001  0.919916321534680E-003  0.548859042308076E+001
 -0.616920002466126E-002 -0.803777973758701E-002  0.758707290330962E-002 -0.285739936188497E-001  0.976701718624444E-003  0.548575115322627E+001
  0.170941362408226E-001 -0.803373557344722E-002 -0.145130429433785E-001 -0.350282656237233E-002  0.579648610486285E-003  0.550560380863318E+001
  0.480284182492485E-002  0.756486516441623E-002  0.159331909874196E-001 -0.256750225109046E-001  0.993367830528093E-003  0.548491784763109E+001
  0.549414227325284E-002  0.186089446343365E-001 -0.108562750792756E-001  0.158059199365901E-001  0.744164233361340E-003  0.549737802748943E+001
 -0.193780067062158E-001 -0.340861604010123E-002  0.590990993492024E-002  0.211329235046400E-001  0.868653298506816E-003  0.549115357423215E+001
  0.127977055905231E-001  0.258459806415561E-001  0.265136076422401E-002  0.794030313071126E-003  0.839456181745539E-003  0.549261343007022E+001
 -0.204303968499230E-001  0.184940636465358E-001 -0.111218459878493E-003  0.227743212211440E-002  0.764630572224117E-003  0.549635471054629E+001
 -0.647564959482805E-002 -0.187045597662721E-001 -0.235696680319286E-002 -0.170330852844170E-001  0.687475880542618E-003  0.550021244513036E+001
 -0.185768038743039E-003 -0.137982967998415E-001 -0.116117278438286E-001  0.103093142929227E-001  0.431541689050138E-003  0.551300915470499E+001
  0.160229445684870E-001  0.101016802875131E-001  0.566321645547463E-002 -0.600186072959408E-002  0.426873050114939E-003  0.551324258665174E+001
 -0.623738808652530E-002  0.183279687016953E-001 -0.614182709790745E-003 -0.766064411006806E-002  0.433882135454376E-003  0.551289213238477E+001
 -0.605836148301364E-002  0.722794854682407E-003  0.141833770996791E-002  0.270597283341274E-001  0.771466755637113E-003  0.549601290137564E+001
 -0.145915685258796E-001  0.487131490823756E-002 -0.131764375680494E-001  0.965362645117884E-002  0.503454591624262E-003  0.550941350957628E+001
 -0.170834581777501E-001 -0.929897146368042E-002  0.587189273292155E-002 -0.164005035538684E-002  0.415484303028422E-003  0.551381202400607E+001
 -0.167259952032205E-001  0.119854902865124E-002  0.581555272819689E-002 -0.555460738567082E-002  0.345869752055623E-003  0.551729275155471E+001
  0.152745518444737E-001  0.109539183601322E-001  0.200554947391705E-001 -0.154609381589084E-001  0.994563739476437E-003  0.548485805218367E+001
 -0.123504006158394E-001 -0.874035248585181E-002  0.241047023389824E-001  0.123803411974208E-001  0.963235679964161E-003  0.548642445515928E+001
  0.151772495225966E-001  0.684596171954199E-002  0.142459466380096E-002 -0.138367233567741E-001  0.470700478144621E-003  0.551105121525026E+001
  0.158478941485518E-001  0.130738390467335E-001  0.129215287967610E-002  0.210117638529526E-001  0.865244895640296E-003  0.549132399437548E+001
  0.188150324674199E-001 -0.143855400980116E-001  0.194719748519050E-001  0.219746191542902E-002  0.944935854164547E-003  0.548733944644926E+001
  0.908774935299617E-002  0.565323034506382E-002 -0.331033517144141E-003  0.291726022408825E-001  0.965696506331447E-003  0.548630141384092E+001
 -0.135222182189846E-001  0.959915627136110E-002  0.597958445060276E-002  0.104656349190360E-001  0.420279131144285E-003  0.551357228260028E+001
 -0.623361424252522E-002 -0.177712910961640E-001  0.594104989138344E-002  0.137318584902877E-001  0.578536745158406E-003  0.550565940189957E+001
 -0.777614620129041E-002  0.289463533099126E-001 -0.930357624205935E-002 -0.538900811335685E-002  0.101395775902377E-002  0.548388835120630E+001
  0.877702576947126E-002  0.810528070139527E-002  0.314154146703571E-002 -0.287792458279990E-002  0.160883489299762E-003  0.552654206469250E+001
 -0.176218820620764E-001  0.216695059467236E-001  0.918738732837565E-002  0.125743472509949E-001  0.102262051009502E-002  0.548345521365274E+001
 -0.181584509506992E-001 -0.130063805889834E-001  0.199425270080933E-001 -0.103858087789003E-001  0.100446468441485E-002  0.548436300493675E+001
 -0.123003570334137E-001 -0.269888733366538E-001  0.270231128708298E-002  0.114743896738152E-001  0.101866217181024E-002  0.548365313056698E+001
  0.950517778070470E-002  0.390306613295666E-002  0.143043423689653E-001 -0.194957221976193E-001  0.690279724496357E-003  0.550007225293267E+001
  0.114043149526402E-001 -0.257024531541862E-001  0.153034767391103E-001 -0.110896513904057E-004  0.102487102096700E-002  0.548334268810914E+001
  0.867456817349432E-002 -0.141353557713556E-001 -0.780657054340284E-002  0.477014635753426E-002  0.358753255700819E-003  0.551664857637245E+001
 -0.203055709342127E-001 -0.567240256538337E-002  0.348671088162722E-002  0.149831621811156E-001  0.681144663545783E-003  0.550052900598020E+001
 -0.101098162526951E-001  0.107139120482656E-001 -0.693790606034206E-002 -0.256020816702918E-002  0.271685502401882E-003  0.552100196403740E+001
 -0.273950632585647E-001  0.316740161826234E-002  0.153916217895240E-001 -0.912351777845322E-004  0.997432269121547E-003  0.548471462570141E+001
 -0.119762497487216E-001  0.169628671573594E-001  0.173412247062767E-001 -0.790828851554481E-002  0.794428521800657E-003  0.549486481306746E+001
 -0.946936194703596E-002  0.432981472259075E-002  0.867020057403911E-002  0.196581943350249E-001  0.570033093723610E-003  0.550608458447131E+001
  0.272092043859817E-001  0.108396095636594E-001 -0.112691279264138E-001  0.835113888947081E-003  0.985528598240094E-003  0.548530980924549E+001
 -0.202253316912471E-001 -0.103860008654454E-001  0.421142093052507E-002 -0.768435868936479E-002  0.593718490718876E-003  0.550490031462155E+001
  0.154037702088079E-001 -0.939072035703348E-002 -0.126383696182009E-003 -0.224187979530373E-001  0.828080239967529E-003  0.549318222715912E+001
  0.131731778632305E-001  0.121174163930065E-001 -0.182054322513503E-001  0.854412363023282E-002  0.724804207125015E-003  0.549834602880124E+001
  0.283508174619036E-001 -0.697019047514735E-002 -0.225416515497379E-002 -0.720084156788947E-002  0.909285785849756E-003  0.548912194986500E+001
 -0.117729571222355E-001 -0.138257452263970E-001  0.111979966820228E-001  0.220125917006235E-001  0.939703073536188E-003  0.548760108548068E+001
 -0.156824879461751E-001  0.108787228353386E-001  0.191254258286744E-001 -0.540356318191382E-002  0.759267446899105E-003  0.549662286681254E+001
 -0.126348649736996E-002 -0.136421107071185E-001 -0.255927158411995E-002 -0.711062951505370E-002  0.244814505815951E-003  0.552234551386669E+001
 -0.285141002573707E-001 -0.148873695131191E-002  0.662079752795641E-002 -0.304178986392323E-002  0.868357696680047E-003  0.549116835432349E+001
  0.109929692625721E-001  0.424518531900508E-003  0.241589114802954E-001 -0.454195606752661E-002  0.725307958023871E-003  0.549832084125630E+001
 -0.657659817975631E-002 -0.100211850526303E-001 -0.141971814117440E-001 -0.155524388119574E-001  0.587114106514683E-003  0.550523053383176E+001
  0.911387107851835E-002  0.266713218389321E-001 -0.208657881031227E-002  0.727215537037584E-002  0.851660109534278E-003  0.549200323368078E+001
  0.982150641339552E-002 -0.903195556608649E-002 -0.117320526307886E-001  0.224273743148022E-001  0.818666387163975E-003  0.549365291979929E+001
 -0.195818446872269E-001 -0.132364940094869E-001  0.171413808252208E-002  0.129561319524596E-001  0.729453039553356E-003  0.549811358717982E+001
  0.188940028433897E-001 -0.287829507344806E-002 -0.300306334020828E-002 -0.221902234369192E-001  0.866692331581556E-003  0.549125162257841E+001
  0.182096207343592E-001  0.351557816029668E-002  0.175834413684162E-001  0.887908362731982E-002  0.731965113507826E-003  0.549798798348210E+001
  0.283968938210588E-002  0.152945924491077E-001  0.176959914516661E-001 -0.459798053165683E-002  0.576277932398082E-003  0.550577234253759E+001
 -0.791659216401530E-002  0.828567867557695E-002 -0.502179250868584E-002 -0.204195706499053E-001  0.573502168133026E-003  0.550591113075084E+001
  0.127748810431629E-001 -0.847009984771807E-002  0.206300349482080E-002 -0.119002727312204E-001  0.380812651594348E-003  0.551554560657778E+001
 -0.175264892145971E-001  0.123302015132998E-003  0.616617130463037E-002  0.106869203907975E-001  0.459424963573616E-003  0.551161499097881E+001
  0.238843909464566E-001 -0.174574732075981E-001  0.138762021445693E-002  0.271274406014532E-002  0.884511971872603E-003  0.549036064056386E+001
  0.910243027480817E-002  0.156401185753929E-002 -0.230852236314759E-001 -0.188776057652723E-001  0.974591919542564E-003  0.548585664318036E+001
 -0.144658437804757E-003 -0.389759936129597E-002 -0.207561806705137E-001  0.120464727817913E-001  0.591148749354246E-003  0.550502880168978E+001
  0.263558299455797E-001  0.561979638373922E-002 -0.964895826594514E-002  0.164531589906747E-002  0.822021343540680E-003  0.549348517198046E+001
 -0.985952926106237E-002  0.974806500342740E-002 -0.192955579664145E-001 -0.184142085439603E-001  0.903636722096511E-003  0.548940440305267E+001
  0.511942764752815E-002  0.124795220294507E-001  0.936949761112493E-002 -0.181583859330483E-001  0.599461474700223E-003  0.550461316542248E+001
 -0.180373168538267E-001 -0.109618563987904E-001  0.626417167344639E-002  0.184092823825492E-001  0.823648619587890E-003  0.549340380817810E+001
  0.161584019878560E-001  0.706806040051755E-002  0.556324296670474E-002  0.453792299479083E-002  0.362593850039754E-003  0.551645654665550E+001
 -0.262666880861655E-001 -0.408995512764909E-002 -0.164261185704604E-001 -0.799603128430859E-003  0.977123372415912E-003  0.548573007053670E+001
 -0.153959053231087E-001 -0.285660897243301E-002 -0.235267767277869E-001 -0.125307877076051E-001  0.955723979311715E-003  0.548680004019191E+001
  0.199127984042782E-001  0.319965452050752E-002 -0.843152190325580E-002  0.191654728848096E-001  0.845163241843483E-003  0.549232807706532E+001
 -0.215925335548941E-001  0.152322148245050E-001  0.245275930147626E-002  0.130170506118876E-002  0.705968338036400E-003  0.549928782225567E+001
 -0.121666193300037E-001 -0.111453835356082E-001 -0.106602002691104E-001  0.768192568652837E-002  0.444898052107914E-003  0.551234133655210E+001
 -0.563708353208447E-002  0.866894388271278E-002  0.304237333556645E-001  0.230898381314493E-002  0.103786225633526E-002  0.548269312634073E+001
  0.892746185636062E-003 -0.568123317352831E-002 -0.268195086897044E-001 -0.156449768263691E-001  0.997124752378723E-003  0.548473000153856E+001
 -0.470875048371333E-002 -0.390557359658328E-002 -0.251648988856512E-001 -0.937995305508110E-002  0.758681491476774E-003  0.549665216458365E+001
  0.131056018295954E-001  0.701693109019552E-002 -0.181082186415932E-001  0.189868032811948E-001  0.909400402450981E-003  0.548911621903494E+001
  0.332643845696756E-003 -0.260949684359257E-001  0.127874048692742E-001  0.124446718852778E-001  0.999445611223001E-003  0.548461395859634E+001
  0.795482778801171E-002  0.145479603356446E-002  0.185527807417210E-001  0.215553832261581E-001  0.874235935913109E-003  0.549087444236184E+001
 -0.208066958471712E-001 -0.239837131168275E-002 -0.101592449616614E-001  0.144960307459761E-001  0.752015942604721E-003  0.549698544202726E+001
 -0.148666948784676E-001 -0.769936050090458E-003  0.196089043774637E-001  0.160390266740507E-002  0.608693052781706E-003  0.550415158651841E+001
  0.155676412788577E-001  0.265287724354455E-001 -0.173541605087768E-002  0.735218248180547E-002  0.100319347803426E-002  0.548442656525578E+001
  0.557381116210376E-002 -0.108680129697719E-001 -0.116554678959844E-001 -0.613722176039833E-002  0.322696499592552E-003  0.551845141417786E+001
 -0.697033559129956E-002  0.902788909416707E-002  0.283922489918935E-001 -0.885029675740412E-002  0.101453591526371E-002  0.548385944339431E+001
 -0.765239819101105E-002  0.566620653139394E-002 -0.196946646110221E-001  0.209590920971134E-001  0.917828450206130E-003  0.548869481664719E+001
 -0.361952998945148E-004 -0.189953588114997E-001 -0.138677794763776E-001 -0.280678693174796E-002  0.561018326963026E-003  0.550653532280934E+001
  0.794169024497360E-002 -0.331863967588542E-002 -0.101031994447681E-001  0.841815783507394E-002  0.247023833602449E-003  0.552223504747737E+001
  0.224328280127328E-002  0.480513843915387E-002  0.714476770922179E-004 -0.148043070407731E-001  0.247294284873967E-003  0.552222152491379E+001
 -0.843074845123026E-003  0.600746938800190E-002  0.422290532390091E-002 -0.122515116853460E-001  0.204732931593059E-003  0.552434959257784E+001
  0.144632123830064E-001 -0.104533230456744E-001  0.185407796417265E-001  0.180853189628261E-001  0.989295746843393E-003  0.548512145181532E+001
 -0.878323570713069E-002 -0.114050589463058E-001 -0.634857090618501E-002  0.102685173014305E-001  0.352967399176363E-003  0.551693786919867E+001
 -0.220903149713427E-001 -0.156439466495617E-002  0.430228885927719E-002 -0.103364318152187E-001  0.615780858300198E-003  0.550379719624248E+001
  0.173465325172173E-001  0.188605390696253E-001  0.931878992028579E-002  0.154555790167987E-001  0.982336892690667E-003  0.548546939452296E+001
 -0.107940617897815E-001 -0.250062406657969E-001  0.161488796343827E-001 -0.476018120879307E-002  0.102526948074370E-002  0.548332276512031E+001
 -0.273768541699896E-001 -0.119295981002944E-001 -0.220709353123749E-002 -0.561131729071529E-002  0.928165598672134E-003  0.548817795922389E+001
  0.331135239768443E-002  0.652000344719661E-002  0.164522935219191E-001  0.200830669900873E-001  0.727483041512823E-003  0.549821208708185E+001
 -0.338756114212824E-002  0.442717710064211E-002  0.173285366031133E-001  0.226714515272166E-001  0.845348362728476E-003  0.549231882102107E+001
 -0.101214378729231E-003 -0.160828076698041E-001  0.216821199036603E-001 -0.736460982547926E-002  0.783018748292619E-003  0.549543530174286E+001
  0.348450301129799E-002 -0.107535219521773E-001 -0.140155399690851E-001  0.176354862827870E-001  0.635225732667094E-003  0.550282495252414E+001
 -0.386751437136379E-002  0.117586166698058E-002 -0.194925936204042E-001 -0.707724520380826E-002  0.446388923797630E-003  0.551226679296761E+001
 -0.149594417574546E-001 -0.783414620600476E-002  0.173551235497815E-001  0.130361774503462E-001  0.756300980416831E-003  0.549677119013665E+001
 -0.905644161821462E-002  0.739947914304762E-002  0.115398716890700E-001 -0.127917150526716E-001  0.433568038961472E-003  0.551290783720942E+001
 -0.785595790744198E-002 -0.249623677896093E-001 -0.150772462594758E-001 -0.598668747916253E-003  0.912517639345831E-003  0.548896035719020E+001
  0.197128716406048E-002  0.151067966806506E-002 -0.677267459182929E-002 -0.242578123272240E-001  0.640478706172326E-003  0.550256230384888E+001
 -0.240307934416895E-001 -0.792774831298659E-002  0.537209996683385E-003 -0.678529962985563E-002  0.686657112398663E-003  0.550025338353756E+001
  0.879020383967011E-002  0.108780682574727E-001  0.586465875348496E-003  0.132366317093109E-001  0.371152413788070E-003  0.551602861846809E+001
  0.138435733001354E-001  0.126524271971862E-001  0.241729261262884E-001  0.584731873717037E-002  0.970249929617379E-003  0.548607374267662E+001
 -0.137741737678309E-001 -0.443836428696731E-002 -0.173046634174494E-001 -0.106918020730284E-001  0.623192948090254E-003  0.550342659175298E+001
  0.115073207386067E-001  0.213914627881318E-002  0.103005323994823E-001  0.203503829733795E-001  0.657233432259328E-003  0.550172456754453E+001
 -0.121518851102408E-001 -0.151086544548139E-001  0.159553786494633E-001 -0.420143648350613E-002  0.648165927540145E-003  0.550217794278048E+001
 -0.804215990853974E-002 -0.250196136354097E-001  0.860319041138258E-004 -0.101276692183327E-002  0.691690500786189E-003  0.550000171411818E+001
 -0.258315608581315E-001 -0.593476599269616E-002  0.111075038363673E-002  0.417108549347889E-002  0.721122704364076E-003  0.549853010393929E+001
  0.253608695831711E-001  0.306408895978882E-002 -0.157100216134133E-001  0.107439078691081E-001  0.101479868256191E-002  0.548384630502940E+001
 -0.147589745597838E-001 -0.169265202652720E-001  0.410955495264265E-002 -0.221651926810298E-001  0.101251862684297E-002  0.548396030781534E+001
  0.624347267390224E-002 -0.125083596127830E-001  0.270443541478502E-001  0.320125702456320E-003  0.926939582972181E-003  0.548823926000888E+001
  0.502542126583072E-002  0.226020867310672E-001  0.146320168140068E-001 -0.537242039839403E-003  0.750493728552498E-003  0.549706155272987E+001
 -0.135951618449637E-002  0.892980794477594E-002 -0.224832490591018E-001  0.507668057018207E-002  0.612858928051758E-003  0.550394329275490E+001
 -0.151988527722636E-001  0.105112469887383E-001  0.175770130331390E-001 -0.173862507870284E-001  0.952724542447787E-003  0.548695001203510E+001
  0.666875232086572E-002 -0.242425284179615E-003 -0.188753553400794E-001  0.194939592948338E-001  0.780824515738363E-003  0.549554501337057E+001
 -0.617311193257875E-002  0.227580238185230E-001  0.463129319366185E-002 -0.792132879663920E-002  0.640231285606730E-003  0.550257467487716E+001
  0.273835831368201E-001  0.934461764958194E-002  0.152447705820169E-002  0.382848266853797E-002  0.854163814272295E-003  0.549187804844388E+001
 -0.155379166019076E-002  0.103298240387717E-001 -0.155417878308850E-002  0.145071663466245E-002  0.113639583639153E-003  0.552890425997553E+001
  0.136226981407805E-003 -0.658155064373545E-002  0.163199659146678E-001 -0.156356054494210E-001  0.554148811892400E-003  0.550687879856287E+001
 -0.205339596953619E-001 -0.453912071338869E-002 -0.102642111003696E-001 -0.764661535182098E-002  0.606071873473114E-003  0.550428264548384E+001
 -0.126190476569282E-001 -0.238596470032137E-002 -0.352758241385265E-002  0.260902864995471E-001  0.858080078633980E-003  0.549168223522579E+001
  0.231504092290868E-001 -0.132151150614427E-001 -0.808843636804457E-002 -0.817704466698244E-002  0.842867575927091E-003  0.549244286036114E+001
 -0.210419479375439E-001  0.550553677327570E-002 -0.104729075032678E-001  0.115430744848872E-001  0.715998868303855E-003  0.549878629574230E+001
  0.691291102993219E-002  0.101942290033654E-001  0.244842940571053E-001 -0.155009643918627E-001  0.991471196433410E-003  0.548501267933582E+001
  0.926094296420077E-002  0.708008116394154E-002 -0.281005915711713E-001  0.102865955278908E-001  0.103134990807839E-002  0.548301874375357E+001
  0.344754659177982E-002 -0.218827756406396E-001  0.156315527457274E-002 -0.490901216674822E-002  0.517283302106767E-003  0.550872207405215E+001
  0.224427290908793E-001 -0.349940538276095E-002  0.636250624849488E-002  0.100816394764567E-001  0.658042867374882E-003  0.550168409578875E+001
  0.197731185715464E-001 -0.198192252212104E-002 -0.802796575827047E-003  0.522947048211830E-002  0.422896078793630E-003  0.551344143521781E+001
 -0.399717410034028E-002  0.448807159142550E-002  0.269591602429589E-001 -0.159279542585311E-001  0.101661623526558E-002  0.548375542739421E+001
 -0.170482613721956E-002  0.123636013254080E-001  0.566958717399535E-003  0.588897268369970E-002  0.190766511348375E-003  0.552504791359007E+001
 -0.116908222495913E-001 -0.118044269992595E-001  0.219288617971782E-001  0.657972869330603E-002  0.800187631049644E-003  0.549457685760501E+001
 -0.139826741617337E-001 -0.210454394065230E-001 -0.312488907421371E-002 -0.951684481037363E-002  0.738760963397724E-003  0.549764819098761E+001
 -0.214455283267194E-001 -0.646377918039387E-002  0.135205803727649E-001  0.758188028522921E-002  0.741982128780962E-003  0.549748713271844E+001
  0.786680906106341E-003 -0.245181087934127E-001 -0.150358435969310E-001 -0.114187902082188E-001  0.958221888144335E-003  0.548667514475027E+001
  0.641858641782989E-002 -0.179653112250823E-001 -0.134765644935158E-001  0.263849980377562E-002  0.552530130779631E-003  0.550695973261851E+001
 -0.110264567337544E-001 -0.143907824531383E-001  0.478623275865808E-002  0.234359452372261E-001  0.900828920897224E-003  0.548954479311263E+001
 -0.497740941478286E-002 -0.641351483434316E-002 -0.158233129387082E-001  0.813117697029853E-002  0.382401048291312E-003  0.551546618674293E+001
  0.147776921050473E-001 -0.116946226143694E-001 -0.402493979537988E-002  0.533201569499364E-002  0.399774913772188E-003  0.551459749346888E+001
  0.535404933432515E-002 -0.796658932101513E-002 -0.123962307882186E-001  0.309998447147453E-002  0.255408831162262E-003  0.552181579759938E+001
  0.178729027218862E-001  0.141032368276950E-001 -0.466856513849112E-002 -0.161386571871640E-001  0.800593696981196E-003  0.549455655430843E+001
  0.117629798248435E-001 -0.856912987743352E-002  0.135580841814162E-001  0.158729633047785E-001  0.647570291961214E-003  0.550220772455943E+001
 -0.602329034245919E-002 -0.175378552052630E-002 -0.947211233418155E-002 -0.227081557098343E-001  0.644737038015005E-003  0.550234938725674E+001
 -0.103591410256875E-001 -0.141622718719251E-001  0.266841310951182E-002 -0.166315560642450E-001  0.591610833005543E-003  0.550500569750722E+001
  0.153575632370431E-001  0.249246440755158E-001  0.611323267649722E-002 -0.971114541177032E-002  0.988770589836460E-003  0.548514770966567E+001
 -0.784445784981858E-002  0.228957316764622E-002  0.568411008939895E-003 -0.169731960391056E-001  0.355190139104581E-003  0.551682673220226E+001
  0.439591918065840E-002  0.148798803366204E-001  0.788511641292744E-002 -0.126874316137338E-003  0.302926102212535E-003  0.551943993404686E+001
 -0.927916016896402E-002 -0.291164762777189E-001 -0.432523343396818E-002  0.461180127600103E-002  0.973848359539894E-003  0.548589382118050E+001
  0.189625530481652E-001 -0.191782221661041E-001  0.109498883908388E-001  0.403907601203457E-002  0.863596814359744E-003  0.549140639843950E+001
 -0.394572455248987E-003  0.154904013434609E-002  0.958829716207799E-002 -0.144443255212175E-001  0.303129194991466E-003  0.551942977940792E+001
 -0.142166666562107E-001  0.817575935259707E-002 -0.838818856518009E-002 -0.221170091966141E-001  0.828480455013521E-003  0.549316221640682E+001
  0.187296244024990E-001  0.252962961288983E-002 -0.219285822610120E-001 -0.186030433605189E-002  0.841521308437801E-003  0.549251017373560E+001
  0.132333503312545E-001 -0.160793299457508E-001  0.226682617356104E-001 -0.847067440654548E-003  0.948234025857189E-003  0.548717453786463E+001
  0.190687488710097E-001 -0.402851760557532E-002  0.480611419659227E-002  0.130630710797885E-001  0.573588697310359E-003  0.550590680429197E+001
  0.151667381855365E-001 -0.432132435562393E-002 -0.224784988448007E-001  0.136909825479505E-001  0.941429704819111E-003  0.548751475391654E+001
 -0.111328863778795E-001 -0.653278268362245E-002  0.148832193388291E-001  0.918489720776394E-002  0.472490963299097E-003  0.551096169099254E+001
  0.606239576519818E-002 -0.145071059875335E-001  0.174173272495921E-001  0.401250671294839E-002  0.566672265188262E-003  0.550625262589808E+001
  0.943386155183301E-003 -0.277543595431177E-001  0.900687122912491E-002 -0.523477771773773E-002  0.879721078178600E-003  0.549060018524856E+001
  0.196043678075328E-001 -0.146739224410449E-001  0.644100777497747E-002  0.136788047323619E-001  0.828251517002239E-003  0.549317366330738E+001
  0.134953097024462E-001 -0.831235524908103E-002  0.446792597839329E-002 -0.269205783683005E-001  0.995898535984075E-003  0.548479131235829E+001
  0.189173179071458E-001  0.143967056028040E-001  0.154664299519924E-001  0.112587268463922E-001  0.931099434675389E-003  0.548803126742372E+001
 -0.551317734657275E-002  0.152850544416867E-001 -0.504904295402342E-002  0.154860199422970E-001  0.529337662144885E-003  0.550811935605025E+001
 -0.125994061802984E-001  0.236333502321830E-001 -0.135135754563508E-001  0.536456206488101E-002  0.928675527055616E-003  0.548815246280471E+001
  0.230669983215275E-001 -0.440430824527605E-004  0.253480902410685E-002  0.128191712622772E-002  0.540156919665673E-003  0.550757839317421E+001
 -0.152587977361550E-001 -0.804139815669502E-002  0.194353082712473E-002 -0.924145253097586E-003  0.302126349192195E-003  0.551947992169788E+001
  0.161520517437179E-001  0.170665789306570E-001 -0.808180560399618E-002  0.200862939080877E-001  0.102093167671095E-002  0.548353965532194E+001
 -0.565605764218080E-002  0.888271332165913E-002  0.192391393731728E-002  0.166695882304155E-001  0.392470200616264E-003  0.551496272912668E+001
  0.118876935613035E-001 -0.214029564823284E-001  0.553433401846948E-002  0.437440171647507E-002  0.649168047796987E-003  0.550212783676764E+001
 -0.129828307311453E-001  0.231862818666420E-001  0.558911086941682E-002 -0.352680044690212E-002  0.749834042295842E-003  0.549709453704270E+001
 -0.180815819809133E-002  0.392440307336384E-002  0.245526554559532E-001 -0.113618492950801E-001  0.750594884894413E-003  0.549705649491277E+001
  0.105584924618789E-001  0.260558053435325E-001  0.529160967311770E-002 -0.257984269104461E-002  0.825043476410778E-003  0.549333406533695E+001
 -0.106994952591254E-001  0.127182086328415E-001  0.502195068776534E-002  0.200535805785647E-001  0.703598112359862E-003  0.549940633353950E+001
 -0.153459118833489E-001 -0.157573120611726E-001  0.453130910778654E-002  0.158321227512401E-001  0.754978767965328E-003  0.549683730075923E+001
  0.251840896807363E-001 -0.796118727905737E-002 -0.217613518449511E-005 -0.777207338228125E-002  0.758024005334721E-003  0.549668503889076E+001
  0.116309034257167E-002 -0.128535950579771E-001  0.775666490596238E-003 -0.180329363740327E-001  0.492356137833983E-003  0.550996843226579E+001
 -0.182391475714282E-001  0.164746398236515E-002  0.191472909533792E-001 -0.261821448341326E-002  0.708854439640037E-003  0.549914351717549E+001
 -0.136340593312955E-001 -0.495045844765751E-002  0.948596317537742E-002 -0.204303858335746E-001  0.717778775364610E-003  0.549869730038926E+001
 -0.443426924261747E-002  0.180886250031387E-001  0.124494638529853E-001 -0.142168556350997E-002  0.503871438288477E-003  0.550939266724307E+001
  0.163964701814319E-001 -0.110598040781880E-001 -0.211555196355377E-001  0.374512834842067E-002  0.852745498054255E-003  0.549194896425478E+001
 -0.167079048684760E-002  0.154368348140510E-002  0.195405101744321E-001 -0.156582372711236E-001  0.632186431857593E-003  0.550297691756461E+001
 -0.559328413370497E-002  0.492256018528203E-002  0.212427245888096E-001 -0.174717278028151E-001  0.812031046549759E-003  0.549398468683000E+001
 -0.928996650074509E-002 -0.118020925207751E-001  0.444228458828433E-002 -0.179218317648623E-001  0.566518811625238E-003  0.550626029857623E+001
 -0.102354421853890E-002 -0.104373636710106E-001  0.879844251272810E-002  0.170742178609462E-002  0.190314082973647E-003  0.552507053500881E+001
  0.993888222110684E-002 -0.141479895124632E-001  0.104487378293465E-001 -0.935955772220065E-002  0.495724430031425E-003  0.550980001765592E+001
 -0.747576490904933E-002 -0.124567122654892E-001 -0.234355966685040E-002 -0.287482390607833E-001  0.104301026244860E-002  0.548243572603506E+001
  0.860267870129250E-002 -0.231371669390601E-002 -0.218413577004894E-002  0.220796957248632E-001  0.571642778141882E-003  0.550600410025040E+001
  0.138477818435034E-002  0.155104102142962E-001 -0.371978572992659E-002  0.129131328409189E-001  0.423076241279381E-003  0.551343242709352E+001
 -0.155952946435762E-001  0.217115404953958E-001 -0.172198231219608E-001 -0.391274118087448E-002  0.102643605760330E-002  0.548326443627733E+001
 -0.767046434424523E-002 -0.115551730251678E-001  0.718644720908301E-002  0.670307804699455E-003  0.244452382939882E-003  0.552236362001050E+001
  0.139902465194068E-001  0.184785124593736E-001 -0.142456844979206E-001 -0.138898934113102E-001  0.933051086176855E-003  0.548793368484865E+001
  0.127344139324623E-001 -0.379478280265921E-002 -0.213141812600328E-001  0.148837715843415E-001  0.852386654083035E-003  0.549196690645334E+001
  0.864643721397718E-002  0.213545729508313E-002 -0.111677620393867E-001 -0.247929939606878E-001  0.818732512857442E-003  0.549364961351462E+001
  0.179611248832323E-002  0.246678877490880E-001  0.317408858843504E-002  0.548850834179326E-002  0.651929268257485E-003  0.550198977574462E+001
 -0.929884643988310E-002  0.137025905647967E-001  0.689405952316080E-002 -0.724535414678751E-002  0.374252746720238E-003  0.551587360182148E+001
