  0.100000000000000E+001  0.374190539815609E+002  0.287464825826820E+000  0.611464895236541E+000  0.107191510571509E+000  0.129872631704603E+000  0.484882264598759E+000
  0.100000000000000E+001  0.211444649837699E+003  0.914812503920376E+000 -0.417905329546664E+000  0.545609092192261E+000  0.957038222791911E+000  0.222513822316014E+001
  0.100000000000000E+001  0.165231387814873E+003 -0.502237919172037E+000  0.534450894318377E+000  0.761125985682843E+000  0.803624384248159E+000  0.176300560293188E+001
  0.100000000000000E+001  0.204846856623823E+003  0.510148409690838E+000  0.543905344928000E+000 -0.862493326370517E+000  0.926920238659378E+000  0.215916029102138E+001
  0.100000000000000E+001  0.743165170796778E+002  0.506221693650000E+000 -0.589313296972842E+000 -0.498976288839079E+000  0.364553651117654E-001  0.853856895579927E+000
  0.100000000000000E+001  0.123355033811553E+003  0.175216927101351E+000  0.534135062062901E+000  0.977658810985591E+000  0.269117216344750E+000  0.134424206289868E+001
  0.100000000000000E+001  0.116290244546726E+003  0.415167780573767E+000  0.589102736661490E+000 -0.381706059851127E+000 -0.780056622146581E+000  0.127359417025041E+001
  0.100000000000000E+001  0.260729949812110E+002 -0.266632255946520E-001  0.414448288180280E+000  0.429773143772386E+000 -0.119324801749609E+000  0.371421674595260E+000
  0.100000000000000E+001  0.166645946612816E+003  0.948749130749059E+000  0.563332736014291E+000 -0.657481767068551E+000 -0.356931691393858E+000  0.177715119091131E+001
  0.100000000000000E+001  0.369621617146982E+002 -0.689549364936703E-002 -0.660087137380245E+000 -0.615169486009384E-001 -0.201906984023454E+000  0.480313341930132E+000
  0.100000000000000E+001  0.545703738258051E+002 -0.169329721410524E+000 -0.532176975261892E+000  0.134821930820920E+000 -0.571256179361815E+000  0.656395463041201E+000
  0.100000000000000E+001  0.129380155606878E+003  0.118630519659419E+000  0.609910649353931E+000  0.905602776511962E+000  0.445323131709721E+000  0.140449328085193E+001
  0.100000000000000E+001  0.109664583762518E+003 -0.580666107089554E+000  0.815777456422204E+000 -0.235210667714166E+000  0.386455065787171E+000  0.120733756240833E+001
  0.100000000000000E+001  0.182130067047705E+003 -0.829431475855936E+000 -0.651235767800313E+000  0.905065936078293E+000 -0.279901448354074E-001  0.193199239526020E+001
  0.100000000000000E+001  0.217423377394233E+003  0.628111132909302E+000  0.939952448037060E+000  0.516145498136055E+000 -0.860514452884954E+000  0.228492549872548E+001
  0.100000000000000E+001  0.810410374557362E+002  0.200596009170196E+000  0.547232913005627E+000  0.623134740905857E+000 -0.439434379680367E+000  0.921102099340512E+000
  0.100000000000000E+001  0.177131490648988E+002  0.607120470676932E-001  0.426206105617582E+000 -0.287743474788382E+000  0.140318605409227E+000  0.287823215432138E+000
  0.100000000000000E+001  0.116728090142100E+003  0.445053320306454E+000  0.805641164978820E+000  0.648958250595868E+000  0.984665961809759E-001  0.127797262620415E+001
  0.100000000000000E+001  0.190442198531442E+003 -0.461674086144822E+000  0.764725422254315E+000 -0.928982594059944E+000  0.595111012141034E+000  0.201511371009757E+001
  0.100000000000000E+001  0.134771084982122E+003 -0.835886994551148E+000 -0.208801827279787E+000 -0.789877151574416E-001 -0.842530856837567E+000  0.145840257460437E+001
  0.100000000000000E+001  0.679092554257349E+002 -0.567794873042041E+000 -0.334883307322128E+000 -0.225704683777699E+000 -0.551637405716358E+000  0.789784279040499E+000
  0.100000000000000E+001  0.451942615460760E+002  0.318463557829128E+000 -0.297351220226753E+000  0.606398627358359E+000 -0.712619052950645E-001  0.562634340243910E+000
  0.100000000000000E+001  0.153407311375943E+003 -0.468586466843163E+000 -0.318126651629628E+000 -0.764100737887403E+000  0.860312186079486E+000  0.164476483854258E+001
  0.100000000000000E+001  0.125354672837581E+003  0.719465479981027E+000  0.364961799488777E+000 -0.775038080319887E+000  0.335748023438133E+000  0.136423845315896E+001
  0.100000000000000E+001  0.566212012485368E+002 -0.339425600835215E+000 -0.631775266377714E-001 -0.355066689909538E-001  0.745950316945621E+000  0.676903737268518E+000
  0.100000000000000E+001  0.126163956473015E+003 -0.792329945161863E+000  0.262949824994783E+000  0.674433660588641E+000  0.469618115614505E+000  0.137233128951330E+001
  0.100000000000000E+001  0.536954310859715E+002  0.110173232677265E+000 -0.776074883279279E+000  0.594441093037676E-001  0.172284845115409E+000  0.647646035642865E+000
  0.100000000000000E+001  0.772529970565525E+002  0.589274805793836E+000 -0.433207881068788E+000  0.460978031017820E+000 -0.368520128763867E+000  0.883221695348675E+000
  0.100000000000000E+001  0.329902870546882E+002  0.339677397573603E+000 -0.105722811951270E+000  0.456699865138234E+000  0.324748796954650E+000  0.440594595330032E+000
  0.100000000000000E+001  0.133330475231377E+003 -0.456472005183243E+000  0.766260407848370E+000 -0.169243562872417E+000 -0.787293712264494E+000  0.144399647709692E+001
  0.100000000000000E+001  0.112574975766435E+003 -0.973562506075651E+000  0.107806630091345E+000  0.452033087102201E+000  0.269557689343850E+000  0.123644148244750E+001
  0.100000000000000E+001  0.406564102200348E+002 -0.254060207415033E+000 -0.175910772118816E+000 -0.392760551029916E+000  0.517207683429942E+000  0.517255826983498E+000
  0.100000000000000E+001  0.154750798370996E+003  0.767871910915197E+000 -0.311131264250978E+000 -0.626504587510065E+000 -0.761092487911281E+000  0.165819970849311E+001
  0.100000000000000E+001  0.700587355140328E+002 -0.564128046375957E+000  0.344923188976967E-001  0.176894777468964E+000 -0.678643606657272E+000  0.811279079923478E+000
  0.100000000000000E+001  0.131675408732095E+003  0.668866361547498E+000 -0.127459034186580E+000 -0.129765560215267E-002  0.981741367768761E+000  0.142744581210410E+001
  0.100000000000000E+001  0.555108033896250E+002  0.682804525747810E+000 -0.117533424504725E+000  0.412070955856132E+000  0.126337483597365E+000  0.665799758679399E+000
  0.100000000000000E+001  0.297200064472462E+002  0.200686166552297E+000  0.562806731054023E+000  0.203428270120675E+000  0.973774830551140E-001  0.407891789255611E+000
  0.100000000000000E+001  0.220350767040417E+003 -0.960417467774549E+000 -0.973771315121197E+000 -0.440820456796404E+000  0.499243861752738E+000  0.231419939518732E+001
  0.100000000000000E+001  0.163319799742014E+003  0.742263014977899E+000 -0.499584427818647E+000  0.338261749135751E-001  0.970673234498121E+000  0.174388972220329E+001
  0.100000000000000E+001  0.151225765025005E+003 -0.167210212449800E+000 -0.389003737216441E+000  0.838744513972795E+000 -0.860333570539863E+000  0.162294937503320E+001
  0.100000000000000E+001  0.121538157864788E+003 -0.704148580791984E+000  0.636580779800972E+000  0.608066157648376E+000 -0.235092616452312E+000  0.132607330343103E+001
  0.100000000000000E+001  0.675457956738362E+002 -0.542739469308223E+000 -0.398700156360101E+000 -0.164111387460871E+000 -0.552891660093223E+000  0.786149681521512E+000
  0.100000000000000E+001  0.929319378816112E+002  0.777682695440066E+000  0.158655725691588E+000  0.522867985857085E+000 -0.369673043219771E+000  0.104001110359926E+001
  0.100000000000000E+001  0.563869662724989E+002 -0.214862834668286E+000 -0.805878865182050E-001  0.604233671907520E+000  0.506756955616923E+000  0.674561387508139E+000
  0.100000000000000E+001  0.126357687274894E+003  0.728487557689202E+000 -0.102792740714652E-002 -0.384792144774786E-001  0.917656127992698E+000  0.137426859753209E+001
  0.100000000000000E+001  0.118852238032237E+003  0.162630273683050E+000 -0.487230343399152E+000  0.424037275882996E+000 -0.924967286081066E+000  0.129921410510553E+001
  0.100000000000000E+001  0.936654700213578E+002  0.746881180174041E+000  0.390644364635286E-001 -0.697895691641901E+000 -0.305041159521069E-001  0.104734642499673E+001
  0.100000000000000E+001  0.576703136859273E+002 -0.353837942381749E+000 -0.718152969279279E+000 -0.200250573100475E+000 -0.796843325990713E-001  0.687394861642423E+000
  0.100000000000000E+001  0.127144449729565E+003 -0.744141942528203E+000  0.787550713737014E+000  0.252726259183400E+000  0.379845103510152E+000  0.138213622207880E+001
  0.100000000000000E+001  0.479244763342967E+002 -0.184435556833205E+000  0.210569128297984E+000 -0.367950178371664E+000  0.613346005078562E+000  0.589936488126117E+000
  0.100000000000000E+001  0.112103597601941E+003 -0.196588933470111E+000 -0.691903325479462E+000  0.809459155812350E+000  0.243158703939756E+000  0.123172770080256E+001
  0.100000000000000E+001  0.127651652442358E+003  0.568141378611101E+000  0.968347282926105E+000 -0.937970352493778E-001  0.343408326842351E+000  0.138720824920673E+001
  0.100000000000000E+001  0.822988961555818E+002  0.407070750923763E+000 -0.360491922583810E+000  0.793430288401259E+000 -0.921305664839569E-001  0.933680686338968E+000
  0.100000000000000E+001  0.123683258595629E+003  0.650823917224783E+000 -0.877058881041519E+000 -0.241269811531377E-001 -0.392604314130989E+000  0.134752431073944E+001
  0.100000000000000E+001  0.354916991357683E+002 -0.164579335837649E+000  0.518225711461459E+000 -0.270888681205902E+000  0.310779331247854E+000  0.465608716140833E+000
  0.100000000000000E+001  0.127962882213970E+003 -0.550984753917272E+000 -0.910784722698257E+000 -0.471742707339874E+000 -0.186189029872005E+000  0.139032054692285E+001
  0.100000000000000E+001  0.148921230988070E+003  0.488938499821932E+000  0.318029643931206E-001  0.876712097161147E+000  0.768900284954322E+000  0.159990403466385E+001
  0.100000000000000E+001  0.125771897067933E+003  0.700078581104172E+000  0.748160654965358E+000  0.180569134107464E+000  0.534743955469476E+000  0.136841069546248E+001
  0.100000000000000E+001  0.366599175101825E+002  0.474067770754047E-001  0.528697686903160E+000 -0.197957308773314E+000  0.395392409055576E+000  0.477290899884975E+000
  0.100000000000000E+001  0.109407090502359E+003 -0.836039021061678E+000  0.518872908897775E+000 -0.363277753093044E+000  0.323421649845214E+000  0.120476262980674E+001
  0.100000000000000E+001  0.214254087339338E+003 -0.915671853042322E+000 -0.306932607853738E+000  0.977191159986983E+000 -0.604704445826200E+000  0.225323259817653E+001
  0.100000000000000E+001  0.120624298002331E+003 -0.624979623141217E+000  0.835122549755663E+000  0.457756518107045E+000 -0.139156287981679E+000  0.131693470480646E+001
  0.100000000000000E+001  0.587242209721369E+002 -0.751318519631829E+000  0.145561396817516E+000  0.157139521260960E+000  0.295928145294032E+000  0.697933934504519E+000
  0.100000000000000E+001  0.946761811130252E+002 -0.714761982665011E+000 -0.676392528641822E+000 -0.295776524092250E+000  0.397270568204189E-001  0.105745353591340E+001
  0.100000000000000E+001  0.187214002498454E+003 -0.829985886081404E+000  0.654479052392460E-001 -0.993223630272426E+000  0.550616536839945E+000  0.198283174976769E+001
  0.100000000000000E+001  0.755381372865330E+002 -0.696554027840186E-001 -0.147149882968952E+000  0.891365689791511E+000 -0.212215318759518E+000  0.866073097648480E+000
  0.100000000000000E+001  0.128102456550889E+003  0.291507804242326E+000  0.546820921421169E+000 -0.909111370571990E+000 -0.425726304273857E+000  0.139171629029204E+001
  0.100000000000000E+001  0.561504108823563E+002 -0.567409749580202E+000 -0.514912295585354E+000  0.203506338741764E+000 -0.209027528414295E+000  0.672195833606713E+000
  0.100000000000000E+001  0.763761993510011E+002 -0.892826385417395E+000  0.111874997783828E+000  0.460281376671632E-001 -0.250360059133705E+000  0.874453718293162E+000
  0.100000000000000E+001  0.167468607045160E+003 -0.788619411583772E+000 -0.598740067724689E+000 -0.809804526845536E+000  0.386243677630488E+000  0.178537779523475E+001
  0.100000000000000E+001  0.454982289028031E+002 -0.293842676492241E+000  0.673995439448626E+000 -0.132619292144005E-001 -0.157749054257144E+000  0.565674013811181E+000
  0.100000000000000E+001  0.116671100963124E+003  0.986471083316567E+000 -0.479120330384084E+000  0.189994672465281E+000 -0.196528037801441E+000  0.127740273441439E+001
  0.100000000000000E+001  0.187682478178274E+003 -0.237530167775142E+000  0.986230797088292E+000  0.674217905605521E+000 -0.709841501039566E+000  0.198751650656589E+001
  0.100000000000000E+001  0.155756975343995E+003 -0.596362839942606E+000  0.745997328189124E+000  0.736980052351987E+000 -0.461477226012981E+000  0.166826147822310E+001
  0.100000000000000E+001  0.177575544384100E+003 -0.796723137032611E+000  0.622484417716851E+000 -0.928748531005608E+000  0.402334114350456E-001  0.188644716862415E+001
  0.100000000000000E+001  0.589014892876538E+002  0.296479084745241E+000 -0.302874082490197E+000  0.488099134847238E+000 -0.530879736555663E+000  0.699706617659687E+000
  0.100000000000000E+001  0.289846673472077E+002  0.313067919189015E+000 -0.373985135810436E+000  0.135491540125515E+000 -0.379873711879557E+000  0.400538398255227E+000
  0.100000000000000E+001  0.135606871238362E+003  0.352678776875672E+000  0.989409913280758E+000 -0.296284627238814E+000 -0.525034818532989E+000  0.146676043716677E+001
  0.100000000000000E+001  0.149020020111573E+003  0.515640668065177E+000 -0.594251940684795E+000 -0.708611316944415E+000  0.692633568221199E+000  0.160089192589888E+001
  0.100000000000000E+001  0.158998880382717E+003 -0.566996808079083E+000  0.711145826042904E+000 -0.917645025346609E+000 -0.177184564217173E+000  0.170068052861032E+001
  0.100000000000000E+001  0.189441865746172E+003  0.207331890240700E+000  0.837849097552172E+000 -0.740167822400725E+000  0.843969403442845E+000  0.200511038224487E+001
  0.100000000000000E+001  0.110124633294625E+003 -0.221159704895051E+000  0.860895140619619E+000  0.529883314233538E+000 -0.375645674558543E+000  0.121193805772940E+001
  0.100000000000000E+001  0.740311974665432E+002  0.222206170840979E-001  0.194111011709307E+000 -0.735071064622878E+000 -0.522016655589036E+000  0.851003699448582E+000
  0.100000000000000E+001  0.160051027984610E+003  0.729859054058557E+000 -0.305683096594217E+000 -0.555123791100994E+000 -0.881421117768474E+000  0.171120200462925E+001
  0.100000000000000E+001  0.171239718891311E+003  0.200315740159957E+000 -0.889492538670039E+000  0.746244336171045E+000 -0.659458059563607E+000  0.182308891369626E+001
  0.100000000000000E+001  0.144541558432978E+003 -0.674499809643549E+000  0.442839456533466E+000  0.133541442071350E+000 -0.941922085360779E+000  0.155610730911293E+001
  0.100000000000000E+001  0.217457922784767E+001  0.108438395300005E+000  0.192044302333240E+000  0.276212222672954E+000  0.866280870953084E-001  0.132437517061627E+000
  0.100000000000000E+001  0.614673442166515E+002  0.413475477879224E+000 -0.356620424116469E+000 -0.647875926571282E+000 -0.864977052562927E-001  0.725365166949664E+000
  0.100000000000000E+001  0.101391850386292E+003 -0.578009547788685E+000 -0.772665599481892E+000 -0.404489994200491E+000  0.172889870380447E+000  0.112461022864607E+001
  0.100000000000000E+001  0.177341800690978E+003  0.917206712861524E+000  0.425592218684697E+000  0.200745722703752E+000  0.906318926088315E+000  0.188410973169293E+001
  0.100000000000000E+001  0.200287938818989E+003  0.877886098582242E+000  0.915521776536169E+000  0.629615006393047E+000  0.329077394091160E+000  0.211357111297304E+001
  0.100000000000000E+001  0.533986227652985E+002  0.670845121412253E+000  0.344725365086352E+000  0.536391929368711E-001 -0.270059317855681E+000  0.644677952436134E+000
  0.100000000000000E+001  0.122842032612514E+003 -0.662829443602506E+000 -0.830264123741274E+000  0.133887069583835E+000  0.438753822807581E+000  0.133911205090829E+001
  0.100000000000000E+001  0.293429256738873E+002  0.220310862544201E+000  0.200565403684146E+000 -0.348119766733820E+000 -0.440647537405191E+000  0.404120981522023E+000
  0.100000000000000E+001  0.383916978600076E+002  0.372317317421440E-001 -0.372969425362333E+000  0.593891822344979E+000  0.375341528658797E-001  0.494608703383226E+000
  0.100000000000000E+001  0.238576539113293E+003 -0.979069629822069E+000 -0.530842128236919E+000  0.996553425771957E+000 -0.512803744474653E+000  0.249645711591608E+001
  0.100000000000000E+001  0.203135756389528E+003 -0.987707602919737E+000 -0.309425464235991E+000  0.987992313336893E+000  0.307587468344423E+000  0.214204928867843E+001
  0.100000000000000E+001  0.138621446606927E+003 -0.704528274389765E+000 -0.329941176789503E-001  0.991994601036087E+000 -0.124113662227999E+000  0.149690619085242E+001
  0.100000000000000E+001  0.201518768386400E+003  0.923012960569031E+000  0.984780839079094E+000  0.852799532242263E-001 -0.544849072523291E+000  0.212587940864715E+001
  0.100000000000000E+001  0.145070331741560E+003  0.570083502493711E+000 -0.221849230629779E+000 -0.667636366891154E+000  0.861071682763179E+000  0.156139504219875E+001
  0.100000000000000E+001  0.175940698322261E+003 -0.498053910190371E+000  0.855703797252181E+000 -0.740844839119943E+000  0.583918612708476E+000  0.187009870800576E+001
  0.100000000000000E+001  0.159618886941978E+003  0.369494363196656E+000  0.816505514781862E+000 -0.661986279876661E+000 -0.682237069759989E+000  0.170688059420293E+001
  0.100000000000000E+001  0.127611956698681E+003  0.329562681001838E+000 -0.705114482285170E+000 -0.751168400014061E+000  0.465574196828900E+000  0.138681129176996E+001
  0.100000000000000E+001  0.142065787667076E+003  0.713014817316839E+000  0.892040783992011E+000  0.685499439463115E-001  0.471724089506172E+000  0.153134960145391E+001
  0.100000000000000E+001  0.873591449082608E+002 -0.136365740287353E+000 -0.795660778355373E+000  0.350467158966731E+000  0.458022111927306E+000  0.984283173865758E+000
  0.100000000000000E+001  0.162918562335204E+003  0.461889155699995E-001  0.689778083166603E+000 -0.786476190495399E+000  0.802125507623660E+000  0.173987734813519E+001
  0.100000000000000E+001  0.604122429341647E+002 -0.557331084066599E+000 -0.626697646606085E+000  0.277803156262946E-001 -0.103317620278650E+000  0.714814154124796E+000
  0.100000000000000E+001  0.254602313994292E+002 -0.415977813952362E-001 -0.194739367952968E+000 -0.559011743211055E+000  0.114656499518572E+000  0.365294038777442E+000
  0.100000000000000E+001  0.944108433784476E+002  0.464792882910601E-001 -0.414628724359729E+000 -0.920268818121606E+000 -0.183924325896465E+000  0.105480015856763E+001
  0.100000000000000E+001  0.162711951711158E+003  0.573059918147307E+000 -0.374794647035837E+000  0.988535998290587E+000  0.540128803846499E+000  0.173781124189473E+001
  0.100000000000000E+001  0.690941100523897E+002  0.271922286573263E-001 -0.401181751992888E+000  0.715514804056124E+000  0.357750157305538E+000  0.801632825307046E+000
  0.100000000000000E+001  0.214510645743030E+002 -0.276555505387775E+000 -0.383327682764640E-001 -0.450117787313411E+000  0.211291266706018E+000  0.325202370526180E+000
  0.100000000000000E+001  0.160071283555502E+003  0.388162270551741E+000 -0.414370412098413E+000  0.710198829211656E+000  0.940558024059158E+000  0.171140456033817E+001
  0.100000000000000E+001  0.961470635914382E+002  0.147856454140115E+000  0.810495816486047E+000  0.571645614532779E+000  0.258105893986755E+000  0.107216236069753E+001
  0.100000000000000E+001  0.173878502135123E+003  0.787898072984768E+000  0.958418204482510E+000  0.194662951990776E+000  0.521760724048899E+000  0.184947674613438E+001
  0.100000000000000E+001  0.195118976791459E+003  0.163292118405131E+000  0.691523473372765E+000 -0.993336215948343E+000 -0.755179200338832E+000  0.206188149269774E+001
  0.100000000000000E+001  0.191511176532533E+003  0.724554671632913E-001 -0.627249931027344E+000  0.957026950904947E+000 -0.843333050849073E+000  0.202580349010848E+001
  0.100000000000000E+001  0.156724193227457E+003 -0.549351339842339E+000 -0.717063986591031E+000  0.770199305826284E+000  0.518419743943104E+000  0.167793365705772E+001
  0.100000000000000E+001  0.168501478172922E+003  0.607033694813361E+000 -0.734982963172633E+000 -0.238036066275169E+000  0.911238429211494E+000  0.179570650651237E+001
  0.100000000000000E+001  0.107571162302496E+003  0.491322939502224E+000 -0.398098605640521E+000  0.715103762137471E+000 -0.524546686664699E+000  0.118640334780811E+001
  0.100000000000000E+001  0.127972244211140E+003 -0.215879610425643E+000 -0.870148662900636E+000  0.292467899940782E+000 -0.707894054681549E+000  0.139041416689455E+001
  0.100000000000000E+001  0.197806547644032E+003  0.466111652765921E+000  0.924377434545338E+000  0.192006219858412E+000  0.990028837165038E+000  0.208875720122347E+001
  0.100000000000000E+001  0.557220758755938E+002 -0.504506430039074E+000 -0.363206828268575E+000  0.629251997091169E-001 -0.526789298229345E+000  0.667912483539088E+000
  0.100000000000000E+001  0.192721587653334E+003 -0.920500319003415E+000 -0.748407969484468E+000 -0.454125989858714E+000  0.651338514582151E+000  0.203790760131649E+001
  0.100000000000000E+001  0.193345727934583E+003  0.714453237176894E+000 -0.998282617112490E+000 -0.173561798159417E+000  0.712048941160045E+000  0.204414900412898E+001
  0.100000000000000E+001  0.161012107976660E+003  0.716917545954816E+000  0.265612678254246E+000  0.782226833097029E+000  0.724163740866299E+000  0.172081280454975E+001
  0.100000000000000E+001  0.269495290725712E+003 -0.999460085091856E+000 -0.833138465476403E+000  0.494508707500917E+000  0.931700384188955E+000  0.280564463204027E+001
  0.100000000000000E+001  0.176770085308853E+003 -0.767237121457408E+000  0.426116949376783E+000 -0.659456430094112E+000 -0.820537226206577E+000  0.187839257787168E+001
  0.100000000000000E+001  0.114370270305261E+003 -0.217291617100922E+000 -0.457660697855864E+000 -0.998765022921675E+000  0.139246400232567E-001  0.125439442783576E+001
  0.100000000000000E+001  0.197923546815116E+003  0.761455594764212E+000  0.909409518826834E+000 -0.184709526188469E+000  0.805586300863520E+000  0.208992719293431E+001
  0.100000000000000E+001  0.101804194989851E+003 -0.520987532218440E+000  0.906663968251870E+000  0.980873017986041E-001  0.160140550312035E+000  0.112873367468166E+001
  0.100000000000000E+001  0.295388298164337E+003 -0.993826983975094E+000  0.698918463316440E+000  0.843970778356723E+000  0.936006911974920E+000  0.306457470642652E+001
  0.100000000000000E+001  0.211590426871482E+003 -0.936240700842123E+000 -0.523095693129769E-001  0.727882257888398E+000  0.904157326572208E+000  0.222659599349797E+001
  0.100000000000000E+001  0.356371173320198E+002 -0.122366352680371E+000 -0.462720010277315E+000  0.388512000486617E+000 -0.295022018503533E+000  0.467062898103348E+000
  0.100000000000000E+001  0.893983108326991E+002 -0.276837296059958E+000  0.539333166747147E-001  0.953031675395213E+000 -0.129837466342387E+000  0.100467483311014E+001
  0.100000000000000E+001  0.154858388204349E+003  0.657637169923316E+000 -0.139593722883013E+000 -0.734893399216865E+000 -0.816844075623391E+000  0.165927560682664E+001
  0.100000000000000E+001  0.763031793605513E+001  0.596496525517931E-001  0.175857431788711E+000 -0.375772960684191E-001 -0.388714462811736E+000  0.186994904143701E+000
  0.100000000000000E+001  0.853496708818455E+002 -0.763050528509371E+000  0.523141534479888E+000  0.306030829748337E+000  0.120873449064492E+000  0.964188433601605E+000
  0.100000000000000E+001  0.107260165621012E+003 -0.283364640676028E+000 -0.727636688823139E+000  0.712678809511933E+000  0.256186699418546E+000  0.118329338099327E+001
  0.100000000000000E+001  0.116462164431192E+003 -0.472992311192037E+000 -0.517159249245056E+000  0.503029953792598E+000  0.728765270272937E+000  0.127531336909507E+001
  0.100000000000000E+001  0.730302921869410E+002  0.825004262974244E+000  0.231892646472510E+000  0.199397934990752E+000  0.258512817400383E+000  0.840994646652560E+000
  0.100000000000000E+001  0.117057845821673E+003  0.336170297147531E+000  0.463539611485985E+000  0.914454127794313E+000 -0.342292844007855E+000  0.128127018299988E+001
  0.100000000000000E+001  0.733613591427882E+002  0.434789632070258E+000  0.437422774818069E+000 -0.227892299060298E+000  0.641864244334201E+000  0.844305316211032E+000
  0.100000000000000E+001  0.139383189942858E+003 -0.453844117718951E+000  0.817705918603505E+000 -0.256327519601008E+000 -0.751134058873398E+000  0.150452362421173E+001
  0.100000000000000E+001  0.200353576137983E+002  0.349878501766768E+000 -0.734685679291969E-001 -0.366143768639585E+000 -0.221746353150191E+000  0.311045300921133E+000
  0.100000000000000E+001  0.157341545001255E+003 -0.581124825840797E+000  0.761745156042329E+000  0.662048815494667E+000  0.572570340425838E+000  0.168410717479570E+001
  0.100000000000000E+001  0.901304952955658E+002  0.882759107747835E-001  0.702393459424324E+000  0.424319885033553E+000  0.575152244748060E+000  0.101199667773881E+001
  0.100000000000000E+001  0.137929130069765E+003 -0.371387920920965E-001 -0.437691079004094E+000  0.879019230764701E+000 -0.724123916818666E+000  0.148998302548080E+001
  0.100000000000000E+001  0.176741170036542E+003 -0.736862773118389E+000  0.404015616371874E+000 -0.952714589783890E+000 -0.514045689488215E+000  0.187810342514857E+001
  0.100000000000000E+001  0.129086392858759E+003  0.534110303393980E+000  0.875279488183090E+000 -0.397437155119826E-001  0.590413492242833E+000  0.140155565337074E+001
  0.100000000000000E+001  0.216185854278481E+003 -0.478990214592900E+000 -0.708863060054840E+000 -0.904920458404595E+000 -0.849559160943316E+000  0.227255026756796E+001
  0.100000000000000E+001  0.402475637695461E+002  0.592635074649526E+000 -0.172185166764271E+000  0.357737368098151E+000 -0.657820232763422E-001  0.513167362478611E+000
  0.100000000000000E+001  0.537824007375844E+002 -0.263020114148355E+000 -0.311929124896773E+000 -0.657273152510744E+000  0.223670238838568E+000  0.648515732158994E+000
  0.100000000000000E+001  0.129968150141663E+003 -0.544050748573542E+000 -0.557320298733847E+000 -0.409878148863408E+000  0.797355627609080E+000  0.141037322619978E+001
  0.100000000000000E+001  0.224654785568138E+003 -0.415241582393274E+000 -0.822056322380833E+000 -0.751111476691947E+000  0.972043703303204E+000  0.235723958046453E+001
  0.100000000000000E+001  0.446564856247911E+002 -0.949988227753562E-002  0.716372456216066E-001 -0.500045542684265E+000  0.549535161340129E+000  0.557256581031060E+000
  0.100000000000000E+001  0.100121668014942E+003 -0.798620245620634E+000 -0.152781364682108E+000 -0.522597155694651E+000  0.421502284315446E+000  0.111190840493257E+001
  0.100000000000000E+001  0.112495972060157E+003 -0.341880265373012E+000 -0.800578888032488E+000  0.574099512415524E+000  0.385035743034485E+000  0.123565144538472E+001
  0.100000000000000E+001  0.105285844407654E+003  0.337580913161515E+000  0.110737732543571E+000 -0.850713459765757E+000  0.560011660497539E+000  0.116355016885969E+001
  0.100000000000000E+001  0.423271253836263E+002  0.293481902680129E+000 -0.816654064701769E-001 -0.319003641807200E+000 -0.582579427476176E+000  0.533962978619413E+000
  0.100000000000000E+001  0.149434546639588E+003 -0.278643620556639E+000 -0.410911795070358E+000  0.638157177713837E+000 -0.975347034191671E+000  0.160503719117903E+001
  0.100000000000000E+001  0.818350003242675E+002 -0.249707387957285E+000 -0.374416966969790E+000  0.418618673800061E+000  0.742467702473580E+000  0.929041728025825E+000
  0.100000000000000E+001  0.173956650056209E+003  0.467782052758017E+000 -0.957517502284707E+000  0.677009993804009E+000  0.506217223700150E+000  0.185025822534524E+001
  0.100000000000000E+001  0.119523068450289E+003 -0.654863322737955E+000 -0.297321891777853E+000 -0.279376136571464E+000 -0.842985827165968E+000  0.130592240928604E+001
  0.100000000000000E+001 -0.348409969284617E+000 -0.224667607223041E+000  0.153083142352539E+000  0.113038999162686E+000  0.143247434709135E+000  0.107207625090304E+000
  0.100000000000000E+001  0.257720057273749E+003  0.937287627844810E+000  0.786878912291316E+000 -0.492479305007578E+000 -0.973483390582589E+000  0.268789229752064E+001
  0.100000000000000E+001  0.159232882210408E+003  0.879279093576548E-001  0.584734225729004E+000 -0.854977512836550E+000 -0.788916071232010E+000  0.170302054688723E+001
  0.100000000000000E+001  0.145484254341740E+003  0.412115631919168E+000 -0.822342466690396E-002  0.735514496237468E+000  0.924470537788904E+000  0.156553426820055E+001
  0.100000000000000E+001  0.157065106584723E+002  0.839191202316840E-001  0.689165405623378E-001 -0.179696740232947E+000  0.472941861769484E+000  0.267756831367873E+000
  0.100000000000000E+001  0.537836962365643E+002 -0.121299907129207E+000  0.362909942770713E+000 -0.556176967460686E+000  0.439065569116539E+000  0.648528687148793E+000
  0.100000000000000E+001  0.202479155924481E+003 -0.698655124463908E+000  0.735690848776695E+000 -0.821713131129424E+000  0.656437968313826E+000  0.213548328402796E+001
  0.100000000000000E+001  0.512143548954254E+002  0.656687765000944E+000  0.321351431513883E-002 -0.436308040683435E+000  0.349488196681471E-001  0.622835273737404E+000
  0.100000000000000E+001  0.358377121825071E+002  0.631526996283990E+000 -0.165955192223649E+000  0.194851567819106E+000  0.688058156349500E-001  0.469068846608221E+000
  0.100000000000000E+001  0.841463030694838E+002  0.114895104983738E+000  0.834182953393775E+000  0.719782547098839E-001  0.487762033623899E+000  0.952154755477989E+000
  0.100000000000000E+001  0.201445294642142E+003  0.896332402285551E+000  0.862040551156555E+000 -0.744292913032088E+000  0.156993769269663E+000  0.212514467120457E+001
  0.100000000000000E+001  0.137930913119550E+003  0.880548908572817E+000 -0.570638225566906E+000 -0.317018298004348E+000  0.537127442830985E+000  0.149000085597865E+001
  0.100000000000000E+001  0.205845461306846E+003  0.561867968438414E+000  0.678985933470701E+000  0.702761044264125E+000  0.947921800945742E+000  0.216914633785161E+001
  0.100000000000000E+001  0.134644692057989E+003  0.642634922187953E+000 -0.239460424321618E+000 -0.977975782166888E+000  0.174301683371964E+000  0.145713864536304E+001
  0.100000000000000E+001  0.122017865918337E+003  0.610663527289438E+000 -0.551624938441995E-001 -0.527608745508719E-001 -0.975773452085299E+000  0.133087038396652E+001
  0.100000000000000E+001  0.269273059541272E+003 -0.968116723002172E+000 -0.987806851865993E+000 -0.692509956776358E+000  0.640967950845914E+000  0.280342232019587E+001
  0.100000000000000E+001  0.182757726102811E+003  0.499183278534971E+000 -0.997620058659749E+000  0.240338376184956E+000 -0.797544182935866E+000  0.193826898581126E+001
  0.100000000000000E+001  0.129462841007461E+003 -0.230973863919272E+000  0.598223819122663E+000 -0.297000129468477E+000 -0.951782745364698E+000  0.140532013485776E+001
  0.100000000000000E+001  0.254940110620484E+003 -0.900483785944409E+000 -0.937680420805146E+000  0.722359359524084E+000 -0.669458113989110E+000  0.266009283098799E+001
  0.100000000000000E+001  0.843021821555045E+002 -0.717969707290008E+000 -0.436519222791927E+000  0.401464144390458E-001  0.496056729913945E+000  0.953713546338195E+000
  0.100000000000000E+001  0.295431966414255E+003  0.844401850123640E+000  0.935628830041980E+000 -0.817511171554307E+000 -0.899038976469681E+000  0.306501138892570E+001
  0.100000000000000E+001  0.169271694274221E+003  0.954994900138099E+000  0.860813521862462E+000  0.952153596641534E-001  0.375935531838040E+000  0.180340866752536E+001
  0.100000000000000E+001  0.116915643863695E+003 -0.989851685192178E-001  0.461532230042556E-001 -0.923660726077703E+000  0.644027051404868E+000  0.127984816342010E+001
  0.100000000000000E+001  0.257489264982685E+003  0.785308352269347E+000  0.580437903662975E+000 -0.890825459718988E+000 -0.968708938109788E+000  0.268558437461000E+001
  0.100000000000000E+001  0.152852892277359E+003 -0.259158113912365E+000  0.743949557250111E+000  0.561013787777717E+000 -0.838963828624801E+000  0.163922064755674E+001
  0.100000000000000E+001  0.636477351111502E+002  0.144909158729987E+000 -0.818708647483913E+000  0.187896555372861E+000  0.143462352639619E+000  0.747169075894652E+000
  0.100000000000000E+001  0.321520739525921E+002 -0.405846355094066E+000 -0.386603526479204E+000  0.246292190867074E+000  0.239539287795701E+000  0.432212464309071E+000
  0.100000000000000E+001  0.442437538189765E+002  0.696916825465810E+000 -0.203461832959589E+000 -0.149406034145509E+000 -0.609698355353521E-001  0.553129262972915E+000
  0.100000000000000E+001  0.168673810093919E+003 -0.382367965149322E-001  0.667370266347442E+000  0.970595180811629E+000  0.639163277805602E+000  0.179742982572234E+001
  0.100000000000000E+001  0.106039483922910E+003  0.849588032013028E+000  0.125815895142753E+000 -0.123728842929283E+000 -0.646643853932973E+000  0.117108656401225E+001
  0.100000000000000E+001  0.362483738147079E+002  0.403655960649017E+000  0.392409427087663E+000 -0.388886745937683E+000  0.708467975950979E-001  0.473175462930229E+000
  0.100000000000000E+001  0.231826802452396E+003  0.880521108552026E+000  0.842600371041423E+000 -0.484765243983888E+000  0.841825159785284E+000  0.242895974930711E+001
  0.100000000000000E+001  0.608359171530210E+002  0.128438076914947E-001 -0.254048607310569E+000  0.506192799037863E+000 -0.630962826355973E+000  0.719050896313360E+000
  0.100000000000000E+001  0.149080489019328E+003 -0.891121849036839E+000 -0.558172332395455E-001 -0.832469363233152E+000 -0.333583064464108E+000  0.160149661497643E+001
  0.100000000000000E+001  0.155914267207085E+003  0.857859972551846E+000  0.720119044776893E+000  0.278737228142027E+000  0.581072098232794E+000  0.166983439685400E+001
  0.100000000000000E+001  0.124912806595660E+003 -0.819444523580077E+000 -0.603235616967684E+000 -0.184612553618492E+000 -0.538846415022355E+000  0.135981979073975E+001
