 -0.232882473129467E-001 -0.734881837608548E-002 -0.790968700064631E-002 -0.484318626566438E-002  0.682367196085772E-003  0.550046787935320E+001  0.544035145695098E+001
 -0.792837520794221E-002 -0.220041501067934E-001 -0.352948302915235E-002  0.118410005812208E-002  0.560901098760926E-003  0.550654118421945E+001  0.538925646702923E+001
  0.176673812175632E-002 -0.217655204338431E-001  0.709076138705944E-002  0.121242162038826E-001  0.674134758953609E-003  0.550087950120981E+001  0.547968092836206E+001
 -0.109102024746609E-001  0.253814206528793E-001  0.680387570250485E-002 -0.347727334696035E-002  0.821633186901121E-003  0.549350457981244E+001  0.548608744957441E+001
  0.145027838657008E-001  0.343368290310653E-002 -0.127260354583340E-001 -0.145383767256824E-002  0.386186540599269E-003  0.551527691212753E+001  0.542534329938262E+001
 -0.439135367636434E-002  0.911635637690278E-002 -0.149824380726199E-001  0.183794339534362E-001  0.664668983750229E-003  0.550135278996998E+001  0.547051104795359E+001
  0.105851882403263E-002  0.124741615857322E-001  0.104931082602782E-001 -0.295700648002817E-002  0.275574377652635E-003  0.552080752027486E+001  0.538013381595736E+001
  0.742706849507013E-002 -0.636213461312940E-002 -0.349666752857913E-002 -0.118580818357286E-001  0.248478891894298E-003  0.552216229456278E+001  0.544624487591417E+001
 -0.661981499934017E-003 -0.132117131114767E-001  0.666285343194661E-002  0.108652060546439E-001  0.337433901311695E-003  0.551771454409191E+001  0.540224619447761E+001
 -0.133302901194627E-001  0.108510353794700E-001 -0.231764240856502E-001 -0.957694049868629E-002  0.924306026188841E-003  0.548837093784805E+001  0.546703437914976E+001
 -0.221407036196408E-002 -0.353569760429628E-002 -0.693560827021356E-002  0.201090275379487E-001  0.469878915716590E-003  0.551109229337166E+001  0.547479071587605E+001
 -0.173866938381813E-001  0.148931985539125E-001  0.659177829696178E-002 -0.143939349887513E-001  0.774741391365606E-003  0.549584916958921E+001  0.547093507014369E+001
  0.748034343458848E-002 -0.250348293796832E-002  0.181125429282227E-001  0.146289817301610E-001  0.604294282508186E-003  0.550437152503208E+001  0.547831903146343E+001
  0.295586265956009E-001 -0.712305808438551E-002 -0.412597506129742E-002  0.300107429028218E-002  0.950480479793938E-003  0.548706221516780E+001  0.542822279939453E+001
  0.208318642869876E-002 -0.444636258665132E-002 -0.159071608552110E-001 -0.242041180753374E-001  0.862986904227121E-003  0.549143689394614E+001  0.546715630956307E+001
  0.142358383051608E-001 -0.129898552689276E-001  0.772871225317751E-002  0.106853717382234E-001  0.545305594434810E-003  0.550732095943575E+001  0.547989873732126E+001
  0.347733867360067E-002 -0.106129590582418E-001 -0.137311385595251E-003 -0.286029137211848E-001  0.942872311980993E-003  0.548744262355844E+001  0.547942194403822E+001
  0.195959923782241E-001  0.153236243185795E-001 -0.232331886168691E-002 -0.146395323290593E-002  0.626357349145582E-003  0.550326837170021E+001  0.548283295912276E+001
 -0.845949182235761E-002  0.446463064412250E-002 -0.286587321969189E-002  0.103359294728518E-001  0.206540596060086E-003  0.552425920935449E+001  0.545485922531608E+001
  0.179272624595506E-001  0.127138263046189E-001 -0.447853993835146E-002  0.303583268708763E-002  0.512301718681030E-003  0.550897115322344E+001  0.542902552106542E+001
 -0.128819087754229E-001  0.668386686627320E-002 -0.190440633065589E-001 -0.680495928226166E-002  0.619601468041847E-003  0.550360616575540E+001  0.544825646481224E+001
 -0.179808666431613E-001  0.626023061808700E-002  0.217172760275510E-001  0.727641983233895E-002  0.887088416264084E-003  0.549023181834429E+001  0.547047977317912E+001
 -0.122780510008909E-001  0.197392863675800E-001  0.134199904798640E-001 -0.127899329847198E-001  0.884068492915070E-003  0.549038281451174E+001  0.547733657208955E+001
  0.112237770471668E-002  0.266020476794893E-002 -0.288373762783246E-001  0.459085935406844E-002  0.861006681345980E-003  0.549153590509019E+001  0.544995882178563E+001
 -0.157403938648205E-001 -0.136836350808409E-001 -0.207545123789163E-001 -0.272599590770417E-004  0.865752395237260E-003  0.549129861939563E+001  0.537661983345161E+001
 -0.102021519169627E-001  0.496956065234389E-002  0.706361268820044E-002 -0.273328407932272E-001  0.925759246850921E-003  0.548829827681495E+001  0.544075762695698E+001
 -0.217352362534218E-001  0.186862669826386E-001 -0.509464319721908E-002  0.245862194665003E-002  0.853597279922031E-003  0.549190637516139E+001  0.531544142569261E+001
 -0.431120277948338E-003 -0.169606733566917E-001  0.575581924493052E-002  0.178201263098066E-002  0.324155329603738E-003  0.551837847267731E+001  0.546737959623853E+001
  0.105139952296132E-001 -0.177018023908013E-001  0.184064940105144E-002 -0.219111503236697E-001  0.907384402295352E-003  0.548921701904272E+001  0.541941648677085E+001
 -0.137683903066439E-001 -0.189614187985728E-001 -0.112159076768296E-001  0.157171150320430E-001  0.921928264436592E-003  0.548848982593566E+001  0.548261135180958E+001
 -0.149425046813201E-002 -0.133159377897030E-002  0.237419040740434E-001  0.128432322359588E-001  0.732632549781557E-003  0.549795461166841E+001  0.547207547971768E+001
 -0.158038188843029E-001  0.193655592451263E-001  0.140827257348208E-002 -0.166712542993100E-001  0.904699527757832E-003  0.548935126276960E+001  0.542078248135981E+001
  0.128059533556872E-001  0.813834193718765E-002  0.113119302305447E-001 -0.893051411763923E-002  0.437938898780688E-003  0.551268929421846E+001  0.542333336716379E+001
 -0.175964539915334E-001  0.102173042892328E-001  0.313521815720330E-002  0.117610392229874E-001  0.562180136512834E-003  0.550647723233185E+001  0.547172105061680E+001
  0.218209588804323E-001 -0.894251272500834E-002  0.187343302785887E-001 -0.377738055354782E-002  0.921366515132023E-003  0.548851791340089E+001  0.548389649373012E+001
  0.195468187751797E-001 -0.503813407467502E-002 -0.199480060378662E-001  0.431207016964708E-002  0.823977813218825E-003  0.549338734849655E+001  0.547345596483089E+001
 -0.917892156747668E-002 -0.280282124525388E-002 -0.203695828534468E-001  0.219476227465076E-002  0.511845295140400E-003  0.550899397440047E+001  0.547257226293714E+001
  0.985824081140518E-002 -0.106851468774849E-002  0.214829588491889E-001 -0.666729640631469E-002  0.604296997819191E-003  0.550437138926653E+001  0.548452588545333E+001
 -0.189180118140644E-001 -0.139856163654075E-001  0.103120666420053E-001  0.122671819579045E-001  0.810311107734932E-003  0.549407068377075E+001  0.544858426443268E+001
  0.149084070086352E-001  0.259051483551986E-002  0.384545284563576E-002  0.119906186995016E-001  0.387533811033016E-003  0.551520954860584E+001  0.548207466757535E+001
  0.157449689783771E-001 -0.107466440730987E-001 -0.152712293459842E-001 -0.716369692309771E-002  0.647923406307573E-003  0.550219006884211E+001  0.547557167464618E+001
  0.901500919520726E-002 -0.747050683911354E-002  0.749766478038838E-002 -0.882138470396876E-002  0.271110668477404E-003  0.552103070573362E+001  0.548600246749626E+001
  0.587619786683780E-002  0.114584761679823E-001  0.728754146757105E-003  0.163792197978505E-001  0.434636301255162E-003  0.551285442409473E+001  0.543124954108113E+001
  0.128522733361236E-001 -0.191109312110476E-001 -0.185180587125477E-002  0.121591623570136E-001  0.681683035868857E-003  0.550050208736405E+001  0.543971556737228E+001
  0.217353810962364E-001 -0.751741617484702E-003  0.451492787981689E-002 -0.997721800622098E-002  0.592921359761697E-003  0.550494017116941E+001  0.535818657999757E+001
 -0.140139577096835E-001 -0.162127669029413E-001  0.145943036541163E-002 -0.693484094362828E-002  0.509466777242814E-003  0.550911290029535E+001  0.533304116198979E+001
  0.990602763865089E-003 -0.403566964984881E-002 -0.196615571037335E-001  0.128105788396593E-001  0.567955681308989E-003  0.550618845509204E+001  0.544300561814469E+001
 -0.331627626336195E-002  0.121170617910715E-001 -0.913451883831584E-002 -0.105082571067101E-001  0.351683776531854E-003  0.551700205033090E+001  0.541368185002973E+001
 -0.244812584241576E-001  0.579815992530630E-002 -0.763531572114495E-002  0.136588442304098E-001  0.877812744421976E-003  0.549069560193639E+001  0.548120456108921E+001
  0.225709604661566E-001  0.271046222532489E-002  0.428037960784367E-002  0.154333320744597E-001  0.773304250347508E-003  0.549592102664012E+001  0.546261573302437E+001
 -0.487085374615281E-004 -0.153484494328202E-001  0.201224870772367E-001 -0.113535461988304E-001  0.769394769975998E-003  0.549611650065869E+001  0.547764540545728E+001
 -0.121536903697090E-001 -0.112544315838253E-001  0.757934703660457E-002 -0.109169350599991E-001  0.451000392483288E-003  0.551203621953333E+001  0.545137775528897E+001
 -0.226085201074805E-001  0.593253597724841E-002 -0.364050291453177E-002  0.129666173702003E-001  0.727726592067592E-003  0.549819990955411E+001  0.537953795501639E+001
 -0.378280276094378E-002  0.144742031018021E-001  0.640763695021418E-003 -0.961223521252508E-002  0.316617796054187E-003  0.551875534935478E+001  0.540837042431476E+001
  0.521858980646561E-002 -0.121897212261641E-001  0.149062894771530E-001  0.172537417715084E-001  0.695712054234319E-003  0.549980063644578E+001  0.544121024065537E+001
 -0.157688703901782E-002 -0.252093790751114E-001  0.252420583914370E-002 -0.103878196084818E-001  0.752277777423215E-003  0.549697235028633E+001  0.547095461322224E+001
  0.107587928779167E-001  0.345695890412445E-002 -0.118304200747424E-001  0.386696757281824E-002  0.282614466408813E-003  0.552045551583705E+001  0.547311182217989E+001
  0.856495573585203E-002  0.439687424814528E-002 -0.260008987521384E-001 -0.470441103570218E-002  0.790869189022897E-003  0.549504277970635E+001  0.548093566191057E+001
 -0.892677205720427E-002  0.136383445667980E-001 -0.639137232803966E-002 -0.201421822533211E-001  0.712248848045626E-003  0.549897379675521E+001  0.543142003058850E+001
 -0.874708758578824E-002 -0.171781597588799E-001 -0.558076493848325E-002  0.120998517383735E-001  0.549152063324276E-003  0.550712863599128E+001  0.546236704297550E+001
 -0.823223670220852E-002  0.772235655615661E-002  0.185956721523297E-001  0.107643973066414E-001  0.589075784073762E-003  0.550513244995380E+001  0.548653743208996E+001
 -0.293788188586778E-001  0.490834741560553E-002  0.841183890918717E-002 -0.588109566995842E-003  0.958311778580189E-003  0.548667065022848E+001  0.547502611115782E+001
 -0.824757697202061E-002  0.242228732575405E-001  0.392403213836978E-002 -0.108983910543630E-001  0.788943070557051E-003  0.549513908562964E+001  0.545977407182593E+001
  0.123016219469962E-001  0.134506598893391E-001  0.826091216648539E-002  0.167878174144953E-001  0.682323637350315E-003  0.550047005728998E+001  0.548333768799305E+001
  0.719301810619721E-002  0.684040612389136E-003 -0.490288078012746E-002 -0.256546147414050E-002  0.828272535549210E-004  0.553044487647975E+001  0.548208103324378E+001
 -0.813901428699493E-002  0.983637253335479E-002 -0.135684794054773E-001 -0.706432046733230E-002  0.397006035220877E-003  0.551473593739645E+001  0.542643843874695E+001
 -0.551032983916944E-002 -0.102203589606997E-001 -0.211430729789597E-002  0.269586473392349E-001  0.866058433933170E-003  0.549128331746083E+001  0.547621434972243E+001
  0.723194413026151E-002 -0.146595872983797E-001 -0.130307326896354E-001  0.224657729629365E-001  0.941715464912980E-003  0.548750046591184E+001  0.540978438323876E+001
  0.132090805454312E-001  0.223189241989274E-003  0.131021595850778E-001  0.799938344050344E-002  0.410186343514476E-003  0.551407692198177E+001  0.546663200100169E+001
  0.169916473145519E-001 -0.867632776828609E-002  0.147867537468083E-001  0.975428696427172E-002  0.677788942554962E-003  0.550069679202974E+001  0.547558031820446E+001
 -0.163680617457084E-001  0.127920828212214E-001 -0.117613038195297E-002  0.207359456243850E-001  0.862913551829111E-003  0.549144056156604E+001  0.518465867427374E+001
  0.112359433273799E-001  0.200617514200678E-001 -0.103982964408145E-002  0.153144508028034E-001  0.764333941576881E-003  0.549636954207865E+001  0.545906110514571E+001
  0.112044282947288E-001  0.898929960176131E-002 -0.199949825523055E-001 -0.411215837080137E-002  0.623055894475497E-003  0.550343344443372E+001  0.543904353863212E+001
 -0.233662781259181E-001 -0.177593176607336E-001 -0.430589416199756E-002  0.787507678917643E-002  0.941933876202351E-003  0.548748954534737E+001  0.545113142455244E+001
  0.110090342199980E-001 -0.685495056538421E-002  0.182893012795213E-001  0.181288201471335E-001  0.831341842931161E-003  0.549301914701093E+001  0.546376228440281E+001
 -0.226847189736551E-001  0.538385736721469E-002 -0.491462341474402E-002 -0.290189237629523E-002  0.576156897736570E-003  0.550577839427066E+001  0.541498809388082E+001
  0.275439335348491E-001  0.591795153786445E-002  0.958540473215996E-002 -0.738467976434343E-002  0.940103904077914E-003  0.548758104395360E+001  0.547750021588139E+001
 -0.967347780456673E-002 -0.374275592617934E-003  0.876004113978435E-002 -0.307734785924063E-002  0.179924645672162E-003  0.552559000687388E+001  0.530645314557927E+001
  0.490866016117408E-002 -0.720898186684349E-002  0.200340605867968E-001  0.129953295461978E-001  0.646306537744101E-003  0.550227091227029E+001  0.545753048577986E+001
  0.190760274097095E-001 -0.918709068201951E-002  0.172810650362334E-001  0.124118809414253E-002  0.748473213607206E-003  0.549716257847713E+001  0.540586770457611E+001
  0.206814165075704E-001  0.730950883979675E-003  0.194903897386243E-001  0.962168869983349E-002  0.900707463554369E-003  0.548955086597977E+001  0.546221331087566E+001
  0.368918917823402E-002  0.216789332118223E-001  0.153983586223050E-002  0.269005319146687E-002  0.493193742650985E-003  0.550992655202494E+001  0.547183672225197E+001
  0.267988257608820E-001 -0.139247607110843E-001 -0.557941867599165E-002 -0.699757579657567E-003  0.943695596455362E-003  0.548740145933472E+001  0.548404163201913E+001
  0.417103173897426E-002  0.143003531287558E-001  0.336820018024953E-002  0.172724183636452E-002  0.236225742190166E-003  0.552277495204798E+001  0.546083994665279E+001
 -0.609592118603919E-002  0.259869791117127E-001 -0.114309828833840E-001 -0.106222194789942E-001  0.955982254799133E-003  0.548678712641754E+001  0.547486495019965E+001
  0.204014041006371E-001 -0.274893545213317E-002  0.117459674725411E-001  0.795874023697563E-002  0.625083233423133E-003  0.550333207748634E+001  0.548375035059614E+001
 -0.529658008695888E-002 -0.926901324096896E-002 -0.120529815707859E-002  0.185355693723404E-001  0.458988442683126E-003  0.551163681702334E+001  0.547103943260215E+001
 -0.539823883166868E-002 -0.634416564705154E-002  0.119552295831271E-003  0.161465268578578E-001  0.330114042563926E-003  0.551808053702930E+001  0.545898010970184E+001
  0.506842334496405E-002  0.206686875966688E-001  0.127095169909417E-001 -0.148209824121891E-001  0.834076903977923E-003  0.549288239395860E+001  0.546664428957187E+001
 -0.792135272654360E-002 -0.194704221356546E-001 -0.118732921384090E-001  0.530000452092882E-002  0.610910281284782E-003  0.550404072509325E+001  0.548592852090149E+001
  0.274261467503645E-002  0.234872658205971E-001 -0.837751071501980E-002 -0.124523581286040E-001  0.784417499726397E-003  0.549536536417117E+001  0.546900097786062E+001
  0.175371069143626E-002  0.125675971012784E-001 -0.598822603515703E-002  0.207837090705147E-001  0.628841411865249E-003  0.550314416856423E+001  0.547134797380733E+001
 -0.191068087372663E-001  0.102860960831341E-003 -0.152109462981880E-001 -0.692049899900793E-002  0.644346914181369E-003  0.550236889344842E+001  0.545688145244542E+001
  0.121530311456868E-001  0.256780164700454E-002 -0.128874671484710E-001  0.812037615435557E-002  0.386317089717538E-003  0.551527038467162E+001  0.548198044321493E+001
  0.132845534828521E-001 -0.157411225148977E-001  0.945319596306704E-002  0.152627299671366E-001  0.746576139233653E-003  0.549725743219581E+001  0.547475092107397E+001
 -0.409872689580248E-002  0.164752583922907E-001  0.159400471312505E-001 -0.882213550035371E-002  0.620148878592209E-003  0.550357879522788E+001  0.508140512928905E+001
 -0.548272467405841E-002  0.431276013901338E-002  0.192353910860736E-001  0.194225290710128E-001  0.795895075616731E-003  0.549479148537666E+001  0.543266698938262E+001
  0.241876065925606E-001 -0.643755249949418E-002 -0.134461816143422E-001 -0.649774289249105E-002  0.849502857563016E-003  0.549211109627934E+001  0.546676978638127E+001
 -0.886697801389069E-002 -0.223319415952390E-001  0.681208954420898E-002 -0.758913260162941E-002  0.681338412115422E-003  0.550051931855172E+001  0.545499190462562E+001
 -0.606942960433976E-002 -0.447617833009517E-002 -0.110686661595080E-001  0.238870964585747E-001  0.749982895936737E-003  0.549708709436065E+001  0.545503293430702E+001
 -0.122640393449821E-001  0.195666180725058E-001  0.800177320386508E-002 -0.108509884343891E-001  0.715031528259920E-003  0.549883466274450E+001  0.546829300393077E+001
  0.721401982673164E-002 -0.272684223287257E-001 -0.374814779072086E-002  0.837222908836477E-002  0.879751770127372E-003  0.549059865065112E+001  0.548342296294252E+001
  0.372996370742773E-002 -0.868788781988405E-002 -0.138842878577871E-001 -0.633872264524937E-002  0.322344878120908E-003  0.551846899525145E+001  0.545997722964626E+001
 -0.231621865169818E-001  0.283049056163009E-002  0.107969129285186E-001  0.307848212515083E-002  0.670548942047814E-003  0.550105879205510E+001  0.547793494143014E+001
  0.771033416219646E-003 -0.138298272540957E-001  0.547202410588343E-002  0.103117449619017E-001  0.328133746381728E-003  0.551817955183841E+001  0.543120730499390E+001
 -0.716462218184533E-002 -0.178640065281701E-001 -0.563053248353429E-002  0.113296351064975E-001  0.530518067941611E-003  0.550806033576041E+001  0.548364133557837E+001
  0.129914355493814E-001  0.408565126365756E-002  0.233994209355224E-001 -0.985904691441619E-002  0.830203650060381E-003  0.549307605665447E+001  0.542210395646579E+001
  0.963266350035807E-002  0.145035928821831E-001  0.174290976790286E-001  0.965078213427750E-002  0.700053454311650E-003  0.549958356644191E+001  0.545125558567900E+001
 -0.144763506026160E-001 -0.106568125365805E-001  0.134291869545231E-001 -0.231834272456810E-002  0.508850155457770E-003  0.550914373138460E+001  0.537743287905147E+001
  0.970959168151087E-002  0.642439293433661E-002  0.146251836837876E-001  0.657822622066062E-002  0.392718053191134E-003  0.551495033649794E+001  0.548389499627318E+001
 -0.139003433929386E-002 -0.141943228757704E-001 -0.173714199831687E-002  0.164408562722185E-001  0.476730414652096E-003  0.551074971842489E+001  0.545883063091452E+001
  0.126854033399360E-002 -0.226864829198171E-001  0.314447191137890E-002  0.181010026663153E-002  0.529449868426833E-003  0.550811374573615E+001  0.547667875845281E+001
 -0.851317305078980E-002  0.156750511711132E-001 -0.185988023855012E-001  0.846885396582420E-002  0.735818282279092E-003  0.549779532504354E+001  0.546700341660785E+001
 -0.155154474965284E-001  0.235083096365458E-001 -0.384962806716649E-002 -0.318477973426656E-003  0.808290797460318E-003  0.549417169928448E+001  0.520252573087871E+001
 -0.611366989420503E-002  0.283966609587583E-002  0.163824668736761E-001  0.138716080554679E-001  0.506247394022992E-003  0.550927386945634E+001  0.547950213587414E+001
  0.102376669378261E-001  0.279417211691164E-001  0.866735484110759E-004 -0.469297379780542E-002  0.907581121593389E-003  0.548920718307782E+001  0.547609670641887E+001
  0.538055294751039E-002  0.931230623672241E-002  0.243150326354036E-001  0.148653122284104E-001  0.927867717176330E-003  0.548819285329868E+001  0.548008399535547E+001
  0.239789449162850E-001 -0.146579776076755E-001 -0.758117194347041E-003 -0.112813339718048E-001  0.917689344709110E-003  0.548870177192204E+001  0.548515746283165E+001
  0.267133781793838E-002 -0.600566302914374E-002  0.113992538085017E-002  0.141401072259333E-001  0.244446096391969E-003  0.552236393433789E+001  0.542733971432684E+001
  0.109908843142299E-001  0.230083014027052E-001 -0.267132647979518E-002 -0.129831950799649E-001  0.825880811092589E-003  0.549329219860286E+001  0.547640502522644E+001
  0.116366236589749E-001 -0.229777091700054E-001 -0.473988732379538E-002 -0.232345518136323E-002  0.691251104704045E-003  0.550002368392229E+001  0.540148243986660E+001
  0.363597729307363E-002  0.802814073514835E-002  0.145668866509334E-001  0.414499404251445E-002  0.307046536852718E-003  0.551923391231486E+001  0.546298348634679E+001
  0.745416765963691E-002  0.746851397424031E-004  0.537009606870242E-002  0.965719084803540E-002  0.177669460230547E-003  0.552570276614596E+001  0.534288438281338E+001
  0.135601274864718E-001  0.393862114421095E-002  0.167661836530053E-002 -0.248448831643807E-001  0.819469062561586E-003  0.549361278602941E+001  0.547826941414151E+001
  0.104168591591514E-001  0.158411553492885E-001  0.490648443342057E-002 -0.217326259831936E-001  0.855833779162668E-003  0.549179455019936E+001  0.542695033549467E+001
 -0.100391061156313E-002 -0.104868900074359E-001  0.213962355670994E-001 -0.769180305668704E-002  0.627945429249734E-003  0.550318896769501E+001  0.546461101791273E+001
  0.160562378455222E-001  0.132946134204697E-001  0.154270696386718E-001  0.135966258546008E-001  0.857412232018140E-003  0.549171562755659E+001  0.545521470750993E+001
  0.100375352940942E-001  0.136475915767835E-001  0.113378301622815E-001  0.347886532772623E-003  0.415676288455305E-003  0.551380242473473E+001  0.547480636744439E+001
  0.386742870177481E-002 -0.111227065971136E-001  0.576488585815782E-002 -0.151918339812328E-001  0.402697335479713E-003  0.551445137238351E+001  0.547434873159630E+001
 -0.152974957365685E-001 -0.181204854186650E-001 -0.500331476088289E-002 -0.154791704718711E-001  0.827003244712094E-003  0.549323607692189E+001  0.544509613636312E+001
 -0.449339738354804E-002 -0.229227139217885E-001 -0.187141101638760E-001 -0.626216404136326E-002  0.935074051293262E-003  0.548783253659283E+001  0.548604151775778E+001
  0.177925159777710E-001 -0.580054336920555E-002  0.254060186331961E-002 -0.123958663503390E-001  0.510332088600639E-003  0.550906963472746E+001  0.547394468098679E+001
  0.908017053304344E-002 -0.986081474614320E-004  0.687042653256120E-002 -0.118022769576867E-001  0.268955722601158E-003  0.552113845302743E+001  0.548503381786265E+001
  0.214493386497017E-002 -0.169323805887681E-001 -0.254644468508956E-001  0.361650033936156E-002  0.952823381814674E-003  0.548694507006676E+001  0.546578351568875E+001
  0.151839219455612E-001  0.704449515022731E-002  0.129772606793941E-001 -0.222649049582708E-001  0.944311685112251E-003  0.548737065490188E+001  0.547314842095887E+001
 -0.121578017980827E-001  0.130477444137274E-001 -0.227082676806727E-001  0.111249705700167E-001  0.957486170088238E-003  0.548671193065308E+001  0.542601238595184E+001
 -0.179986992358671E-001  0.563392743405844E-002  0.172162371594660E-001  0.168716910822191E-001  0.936747094420245E-003  0.548774888443648E+001  0.548564377440266E+001
  0.128978599651255E-001  0.136363435054880E-001  0.209315006594863E-001  0.684352310921454E-002  0.837266184284083E-003  0.549272292994329E+001  0.534025703900334E+001
 -0.915929013029115E-002 -0.165146506202597E-001 -0.829426445230108E-002  0.217274188486305E-001  0.897501833428622E-003  0.548971114748606E+001  0.548196996522445E+001
 -0.106141757529903E-001  0.492132056981820E-002 -0.104448795724914E-001 -0.261505394232862E-001  0.929826344478974E-003  0.548809492193354E+001  0.548610163095561E+001
 -0.800874226304449E-002 -0.175957838962360E-002 -0.429727501931798E-002 -0.169778998443895E-001  0.373951724462880E-003  0.551588865293435E+001  0.544066649895147E+001
 -0.282313978135761E-001 -0.559730118727730E-002 -0.720016559045411E-003 -0.332895990455162E-003  0.828970846675245E-003  0.549313769682373E+001  0.548556965622291E+001
 -0.108149057932631E-001 -0.196376724428905E-001 -0.182847672492130E-001 -0.108722522748157E-001  0.955138949176544E-003  0.548682929169866E+001  0.545367344459438E+001
 -0.999944255289931E-003  0.145058573855481E-001 -0.180494519593674E-001  0.195743436149340E-001  0.920357430992567E-003  0.548856836760786E+001  0.548408457544674E+001
  0.185205517965921E-001  0.106911278371435E-002 -0.122574066218091E-001 -0.100749217880095E-001  0.595901907121429E-003  0.550479114380142E+001  0.548636416859435E+001
  0.236020008485194E-002  0.224521328904728E-001 -0.150003777060153E-001 -0.569956796803983E-002  0.767165222117409E-003  0.549622797805162E+001  0.542544802680340E+001
  0.266162137056347E-002  0.106426822324002E-002  0.969667414196151E-002  0.844857584852932E-002  0.173620818454977E-003  0.552590519823474E+001  0.542585056910760E+001
 -0.863890852025762E-002 -0.110440533278959E-001 -0.982027060175417E-002  0.316448227615074E-002  0.303053517098538E-003  0.551943356330256E+001  0.547097142090834E+001
  0.102163358626672E-003 -0.343493456250521E-002  0.837473296511382E-002  0.220111289848592E-001  0.566435164225613E-003  0.550626448094621E+001  0.547498328959488E+001
  0.128065382758675E-001 -0.151150379905202E-001  0.106863954896848E-001  0.340543469436749E-002  0.518267830085684E-003  0.550867284765321E+001  0.538488608619827E+001
 -0.433613933266175E-002  0.159820136731077E-001 -0.179484783352712E-002  0.175927639815685E-001  0.586953688616349E-003  0.550523855472667E+001  0.546416887757663E+001
  0.183920721904951E-001 -0.149569848715145E-001  0.375997747936108E-002 -0.181515501505797E-001  0.905595919421409E-003  0.548930644318642E+001  0.546929545663192E+001
  0.482943139075287E-002 -0.188277341062156E-001  0.183506410938503E-001 -0.701923945530669E-002  0.763822730218587E-003  0.549639510264656E+001  0.546816079124507E+001
 -0.139965875207891E-001 -0.302804673256929E-002  0.152186114296271E-001 -0.812380943105084E-002  0.502675942759741E-003  0.550945244201951E+001  0.547123897102932E+001
  0.187725002998371E-001 -0.179093207920331E-001  0.351796143513616E-002 -0.979449402319743E-002  0.781458704568890E-003  0.549551330392905E+001  0.546806190621409E+001
  0.157846423605046E-001 -0.188484456079531E-001  0.166678555462796E-002  0.876714231277775E-002  0.684059794702616E-003  0.550038324942236E+001  0.548444442856993E+001
 -0.140887124401782E-001 -0.152958603241857E-001 -0.122948315878049E-001 -0.464095118449148E-002  0.605156472948348E-003  0.550432841551007E+001  0.548072117891772E+001
  0.969739799263625E-002 -0.110309145610683E-001 -0.984108414845464E-002 -0.236345013608661E-001  0.871157195674921E-003  0.549102837937375E+001  0.548567412410337E+001
 -0.177758067602745E-001 -0.211757117819633E-002  0.151704819012251E-001  0.148279469548775E-001  0.770474945685406E-003  0.549606249187322E+001  0.547964293065665E+001
 -0.232496607103216E-001 -0.171151202561504E-003  0.187056549599214E-001  0.586380332359426E-002  0.924861732776639E-003  0.548834315251866E+001  0.547194620172514E+001
 -0.149334019282108E-001  0.392851108054693E-002 -0.161484571682505E-001 -0.277764206799602E-002  0.506927656832193E-003  0.550923985631588E+001  0.543931514618412E+001
  0.152632614877726E-001 -0.392453948298543E-002  0.265923696225356E-002 -0.113047446677853E-001  0.383237954622869E-003  0.551542434142635E+001  0.547565836566788E+001
  0.116938832879125E-001 -0.154191482321310E-001  0.176448351740122E-001  0.138622981003313E-001  0.878000555496255E-003  0.549068621138268E+001  0.548413365290310E+001
 -0.578385674758486E-002  0.205903797316049E-001 -0.749714103487342E-004  0.177596930271822E-001  0.772829053500383E-003  0.549594478648247E+001  0.545188577261191E+001
  0.157751692281032E-001 -0.193758598322381E-001  0.160918211172278E-002  0.545326663004819E-002  0.656607492420917E-003  0.550175586453645E+001  0.544537306596525E+001
 -0.143883809556870E-001 -0.162825994977758E-001  0.309753994507345E-002 -0.123442737329572E-001  0.634124400636446E-003  0.550288001912567E+001  0.548319140909525E+001
 -0.146490077709283E-001 -0.174786439765373E-002 -0.246799112420015E-002 -0.139270637459599E-002  0.225679069860273E-003  0.552330228566448E+001  0.548025872746254E+001
  0.126438202007286E-001  0.148304817062939E-001  0.540273202842689E-002 -0.198341930269096E-001  0.802394103308769E-003  0.549446653399205E+001  0.547870630559919E+001
  0.106676659907889E-002  0.913618974070252E-002 -0.221622084157006E-001 -0.518080004207022E-002  0.602612124891894E-003  0.550445563291290E+001  0.547522128648805E+001
  0.915633124935811E-002  0.160036210161429E-002 -0.137164869874298E-001  0.171532941157890E-001  0.568777075103348E-003  0.550614738540232E+001  0.548532684351064E+001
  0.177297600267765E-001 -0.138030270791856E-002 -0.128649522531699E-002 -0.141742530174709E-001  0.518814144740615E-003  0.550864553192046E+001  0.548231147983251E+001
  0.444249161182264E-002  0.107182736120952E-001  0.176696077890404E-001  0.191545802910520E-002  0.450501139824631E-003  0.551206118216626E+001  0.544931224568002E+001
 -0.468053472231900E-002  0.568546690282234E-002 -0.213444337958768E-001 -0.152930927642460E-001  0.743695479552322E-003  0.549740146517988E+001  0.547795761780785E+001
  0.877012056642079E-002  0.482315765291785E-002  0.150830723070514E-001  0.119366553268567E-001  0.470160675106375E-003  0.551107820540217E+001  0.546230367632388E+001
  0.137031011260653E-001  0.102382190874195E-002  0.733206183676116E-002  0.132020551133349E-001  0.416876581765615E-003  0.551374241006921E+001  0.543808828160694E+001
 -0.123273599632494E-001  0.237522253498734E-001 -0.138725757760716E-002  0.673087546260098E-002  0.763361180814367E-003  0.549641818011677E+001  0.547464631526111E+001
  0.509136644392716E-002 -0.428701798180420E-002  0.207445030653557E-001 -0.764495017702860E-002  0.533080206080461E-003  0.550793222885347E+001  0.543845132620405E+001
 -0.212376520891560E-001  0.123495870997308E-001  0.181339635416966E-001  0.440219719855350E-002  0.951770141700401E-003  0.548699773207247E+001  0.548110452734854E+001
  0.487418833962683E-002  0.159222812188478E-001  0.224717381694257E-001  0.461834254003390E-002  0.803584855354537E-003  0.549440699638977E+001  0.547126466935754E+001
  0.175429533938762E-001 -0.982398413807484E-002  0.857120958524993E-002  0.623722164865614E-002  0.516634445773605E-003  0.550875451686881E+001  0.547561560033140E+001
  0.220042931053632E-001 -0.116906049771286E-001  0.336959818806193E-002  0.588834039358388E-002  0.666885904337701E-003  0.550124194394061E+001  0.543150301468626E+001
  0.121121977611929E-001 -0.136279514392151E-001 -0.555595472966375E-002 -0.182257374752168E-001  0.695472534509448E-003  0.549981261243202E+001  0.547300717013189E+001
 -0.714800590151077E-002  0.873453775467325E-004  0.333553700217282E-002 -0.823366525445601E-002  0.130020668198312E-003  0.552808520574758E+001  0.548125624094569E+001
  0.252119075456458E-002  0.962817660110105E-002 -0.241379948239173E-002 -0.290453692223777E-001  0.948518088688330E-003  0.548716033472308E+001  0.541991073531810E+001
  0.303978141976926E-001 -0.214745505898828E-002  0.294159290628504E-002 -0.187406861175066E-002  0.940803773215672E-003  0.548754605049671E+001  0.548524820665265E+001
  0.938783348956918E-002 -0.807100312848519E-002  0.210423278026517E-002 -0.212369930750351E-001  0.608710179590527E-003  0.550415073017797E+001  0.548578526819780E+001
 -0.153220308714668E-001  0.120238882087143E-001 -0.689857620881440E-002  0.271931850393470E-002  0.434323564516500E-003  0.551287006093167E+001  0.546856015949084E+001
 -0.144167308145924E-001 -0.445811299719590E-002  0.389357147046443E-002  0.101028503834422E-001  0.344944383542017E-003  0.551733901998039E+001  0.534131976773341E+001
  0.427172524327046E-002 -0.259115881826918E-001  0.274161583106602E-002  0.125773461430261E-001  0.855364132070052E-003  0.549181803255399E+001  0.543547051025178E+001
  0.173296114198851E-002 -0.331357513064667E-002  0.959071742481088E-002  0.783397477586534E-002  0.167335955977548E-003  0.552621944135861E+001  0.545016813657685E+001
  0.157367455101198E-002  0.640152475192268E-002 -0.214771330975212E-001  0.107157296902145E-001  0.619550079624367E-003  0.550360873517627E+001  0.546469350874222E+001
 -0.116745909014759E-001  0.174891682974363E-001  0.136636631005096E-001 -0.596310490910590E-002  0.664421389934106E-003  0.550136516966079E+001  0.548149329311805E+001
  0.344806213933357E-002  0.348233928591402E-002  0.178848251493233E-001  0.159701408554456E-001  0.598928188983566E-003  0.550463982970831E+001  0.548002706813085E+001
  0.742362560366661E-002 -0.202770129660024E-001 -0.494438210837012E-002  0.825324843327202E-002  0.558830496061720E-003  0.550664471435441E+001  0.548033298929409E+001
  0.124611484725115E-001  0.959871173069793E-002 -0.218105489721321E-002 -0.196390182072999E-001  0.637863524754325E-003  0.550269306291978E+001  0.547777715023604E+001
  0.583961796082333E-002 -0.219613226278548E-002 -0.220121391411516E-001 -0.203231425377649E-001  0.936488527023747E-003  0.548776181280630E+001  0.546213910357232E+001
 -0.165475401718761E-001  0.165104477544400E-001  0.555947108602983E-002  0.135748051072104E-002  0.579166442885335E-003  0.550562791701322E+001  0.456157729214418E+001
  0.191264733134511E-001  0.225535697040786E-001 -0.196567541206039E-002  0.153177011169880E-002  0.880695687307562E-003  0.549055145479211E+001  0.548496414662782E+001
  0.153420255123273E-001  0.176121909383693E-001  0.184305126799236E-001 -0.118158570320759E-002  0.886646958889328E-003  0.549025389121303E+001  0.547334168917892E+001
  0.452170172989308E-002  0.252340319333455E-002  0.134588085011267E-001  0.850641828803811E-002  0.280312028571318E-003  0.552057063772893E+001  0.548660560315332E+001
